##NAMES=Quartz Annealed Sample 08
##RRUFFID=SYN000008
##SOURCE=Synthetic — systematic FWHM broadening demo
##X-RAY WAVELENGTH=1.54056
##FWHM_NOMINAL=0.2200
##END=
10.0000, 1.6854
10.0200, 2.9164
10.0400, 2.1933
10.0600, 1.7542
10.0800, 3.3305
10.1000, 0.0000
10.1200, 0.6669
10.1400, 0.0000
10.1600, 3.1669
10.1801, 1.8640
10.2001, 2.9253
10.2201, 1.8515
10.2401, 2.9821
10.2601, 1.8340
10.2801, 2.3698
10.3001, 2.2237
10.3201, 2.2977
10.3401, 3.6426
10.3601, 0.3388
10.3801, 1.8923
10.4001, 2.1582
10.4201, 2.0088
10.4401, 1.5634
10.4601, 1.4268
10.4801, 3.4881
10.5001, 1.8900
10.5201, 4.3945
10.5402, 2.4880
10.5602, 1.6714
10.5802, 2.5124
10.6002, 2.0693
10.6202, 3.3004
10.6402, 0.7948
10.6602, 0.1624
10.6802, 2.3210
10.7002, 2.7949
10.7202, 2.2460
10.7402, 2.6320
10.7602, 2.4852
10.7802, 0.4826
10.8002, 2.2414
10.8202, 3.2752
10.8402, 2.1321
10.8602, 0.6528
10.8803, 1.6273
10.9003, 2.5164
10.9203, 3.7533
10.9403, 0.0075
10.9603, 2.3212
10.9803, 1.0299
11.0003, 2.4675
11.0203, 2.5475
11.0403, 1.7278
11.0603, 2.5911
11.0803, 3.0986
11.1003, 1.7963
11.1203, 0.6256
11.1403, 3.3838
11.1603, 2.7879
11.1803, 2.5234
11.2003, 1.2708
11.2203, 2.9444
11.2404, 3.9997
11.2604, 1.8395
11.2804, 2.0549
11.3004, 0.8971
11.3204, 1.2422
11.3404, 0.8878
11.3604, 2.0912
11.3804, 1.6204
11.4004, 2.3328
11.4204, 1.0702
11.4404, 1.7933
11.4604, 1.0086
11.4804, 2.1479
11.5004, 0.3309
11.5204, 2.1119
11.5404, 1.6823
11.5604, 2.1413
11.5805, 0.3110
11.6005, 2.6142
11.6205, 1.6623
11.6405, 2.1773
11.6605, 0.0936
11.6805, 0.7199
11.7005, 1.5711
11.7205, 3.3338
11.7405, 2.4870
11.7605, 2.0902
11.7805, 1.0378
11.8005, 0.8561
11.8205, 2.2368
11.8405, 2.6601
11.8605, 2.1692
11.8805, 3.6673
11.9005, 1.2792
11.9205, 2.1397
11.9406, 0.2702
11.9606, 2.1713
11.9806, 3.4275
12.0006, 0.9208
12.0206, 2.8013
12.0406, 3.3993
12.0606, 1.2720
12.0806, 2.4268
12.1006, 3.5376
12.1206, 2.1907
12.1406, 2.7460
12.1606, 0.1896
12.1806, 2.5567
12.2006, 2.4770
12.2206, 0.6366
12.2406, 0.9978
12.2606, 2.5636
12.2807, 1.6584
12.3007, 3.0707
12.3207, 2.2708
12.3407, 2.0170
12.3607, 1.7904
12.3807, 2.2528
12.4007, 2.7622
12.4207, 2.4936
12.4407, 1.5383
12.4607, 3.1980
12.4807, 2.6172
12.5007, 2.3452
12.5207, 2.0521
12.5407, 2.4598
12.5607, 0.1319
12.5807, 2.2015
12.6007, 3.5981
12.6207, 2.1802
12.6408, 2.0439
12.6608, 1.3657
12.6808, 2.4525
12.7008, 1.7658
12.7208, 3.2677
12.7408, 1.0984
12.7608, 1.5090
12.7808, 1.3607
12.8008, 3.7922
12.8208, 1.7711
12.8408, 1.4134
12.8608, 0.0000
12.8808, 1.0507
12.9008, 2.4876
12.9208, 2.4836
12.9408, 1.3105
12.9608, 1.3659
12.9809, 3.8174
13.0009, 4.6525
13.0209, 3.1085
13.0409, 3.5173
13.0609, 3.7291
13.0809, 4.1715
13.1009, 1.6592
13.1209, 1.0838
13.1409, 3.7911
13.1609, 0.9979
13.1809, 0.9337
13.2009, 0.9566
13.2209, 1.8294
13.2409, 0.0000
13.2609, 0.5298
13.2809, 1.3393
13.3009, 0.7666
13.3209, 3.0213
13.3410, 1.9672
13.3610, 2.5367
13.3810, 2.4273
13.4010, 1.7542
13.4210, 2.9471
13.4410, 2.4120
13.4610, 1.6427
13.4810, 0.2794
13.5010, 2.4804
13.5210, 0.7014
13.5410, 2.3402
13.5610, 2.0393
13.5810, 0.6025
13.6010, 2.2186
13.6210, 2.1516
13.6410, 2.1552
13.6610, 2.1073
13.6811, 1.3093
13.7011, 2.5512
13.7211, 1.2741
13.7411, 0.8878
13.7611, 2.6341
13.7811, 2.8955
13.8011, 2.5658
13.8211, 1.7537
13.8411, 0.0243
13.8611, 3.4398
13.8811, 0.0087
13.9011, 2.5457
13.9211, 4.0674
13.9411, 2.1098
13.9611, 2.2513
13.9811, 2.3393
14.0011, 2.1584
14.0211, 4.3073
14.0412, 1.1188
14.0612, 0.9935
14.0812, 1.6336
14.1012, 3.6986
14.1212, 1.3847
14.1412, 2.3902
14.1612, 3.0298
14.1812, 2.7383
14.2012, 2.9770
14.2212, 3.3762
14.2412, 2.2683
14.2612, 1.5043
14.2812, 2.1076
14.3012, 1.6221
14.3212, 4.4780
14.3412, 1.4288
14.3612, 2.4429
14.3813, 0.4622
14.4013, 2.0932
14.4213, 1.6740
14.4413, 2.6352
14.4613, 2.6612
14.4813, 3.3753
14.5013, 3.2960
14.5213, 1.8944
14.5413, 1.0178
14.5613, 1.1348
14.5813, 2.2628
14.6013, 2.1181
14.6213, 2.2181
14.6413, 1.4264
14.6613, 3.3955
14.6813, 0.4903
14.7013, 1.3711
14.7213, 0.8853
14.7414, 1.7520
14.7614, 3.2051
14.7814, 1.6733
14.8014, 2.0619
14.8214, 2.6237
14.8414, 1.6258
14.8614, 2.3426
14.8814, 2.2109
14.9014, 0.8316
14.9214, 1.4970
14.9414, 2.3146
14.9614, 3.2407
14.9814, 3.2397
15.0014, 4.0526
15.0214, 2.4452
15.0414, 1.5480
15.0614, 1.8967
15.0815, 1.8470
15.1015, 1.5534
15.1215, 2.3429
15.1415, 2.3894
15.1615, 0.7888
15.1815, 3.0470
15.2015, 0.1268
15.2215, 1.7385
15.2415, 3.1080
15.2615, 2.5670
15.2815, 1.6042
15.3015, 3.9262
15.3215, 1.5212
15.3415, 0.0000
15.3615, 2.4126
15.3815, 0.1850
15.4015, 1.1305
15.4215, 2.5823
15.4416, 1.5005
15.4616, 2.5402
15.4816, 0.8044
15.5016, 2.8177
15.5216, 0.2724
15.5416, 3.2771
15.5616, 1.4860
15.5816, 3.4892
15.6016, 1.1215
15.6216, 3.8822
15.6416, 1.0045
15.6616, 0.1696
15.6816, 2.0036
15.7016, 3.1925
15.7216, 2.7501
15.7416, 3.1216
15.7616, 2.7698
15.7817, 1.1417
15.8017, 2.7257
15.8217, 2.0533
15.8417, 1.2520
15.8617, 2.1396
15.8817, 1.9044
15.9017, 3.3743
15.9217, 1.4466
15.9417, 1.3999
15.9617, 1.2631
15.9817, 3.8543
16.0017, 1.3190
16.0217, 3.2553
16.0417, 0.9309
16.0617, 2.4664
16.0817, 2.2227
16.1017, 3.1919
16.1217, 3.0472
16.1418, 2.0423
16.1618, 1.4244
16.1818, 3.5829
16.2018, 1.3247
16.2218, 0.0000
16.2418, 0.1051
16.2618, 0.3482
16.2818, 2.5553
16.3018, 4.1714
16.3218, 0.0000
16.3418, 1.1793
16.3618, 2.0495
16.3818, 3.5036
16.4018, 1.1739
16.4218, 2.5504
16.4418, 1.7109
16.4618, 4.5635
16.4819, 2.1049
16.5019, 2.3157
16.5219, 2.0447
16.5419, 1.5466
16.5619, 2.9089
16.5819, 0.8035
16.6019, 0.0000
16.6219, 1.8106
16.6419, 2.7748
16.6619, 1.3808
16.6819, 2.1468
16.7019, 0.7419
16.7219, 3.0215
16.7419, 2.6114
16.7619, 1.9803
16.7819, 2.1290
16.8019, 0.5693
16.8219, 0.6139
16.8420, 1.8388
16.8620, 2.4735
16.8820, 2.5240
16.9020, 1.5983
16.9220, 2.7047
16.9420, 3.3790
16.9620, 1.8721
16.9820, 2.2697
17.0020, 1.7531
17.0220, 1.8345
17.0420, 2.1299
17.0620, 3.6611
17.0820, 2.8744
17.1020, 2.7844
17.1220, 1.5076
17.1420, 1.0639
17.1620, 2.3495
17.1821, 3.2023
17.2021, 3.6812
17.2221, 0.0000
17.2421, 4.4030
17.2621, 2.3769
17.2821, 2.8680
17.3021, 0.2235
17.3221, 1.7241
17.3421, 2.7821
17.3621, 0.7878
17.3821, 0.0000
17.4021, 2.2955
17.4221, 1.9109
17.4421, 3.3996
17.4621, 1.8009
17.4821, 1.8740
17.5021, 2.6571
17.5221, 2.9924
17.5422, 1.2530
17.5622, 2.9035
17.5822, 1.4397
17.6022, 1.9771
17.6222, 2.6303
17.6422, 2.8043
17.6622, 2.2784
17.6822, 0.8818
17.7022, 0.0934
17.7222, 1.7729
17.7422, 2.9303
17.7622, 2.4095
17.7822, 2.2022
17.8022, 1.9536
17.8222, 2.2692
17.8422, 0.9681
17.8622, 2.7395
17.8823, 2.8055
17.9023, 1.6059
17.9223, 2.3969
17.9423, 0.2469
17.9623, 2.1403
17.9823, 1.8277
18.0023, 3.2178
18.0223, 1.7623
18.0423, 2.8278
18.0623, 1.5701
18.0823, 0.0000
18.1023, 1.7354
18.1223, 2.1570
18.1423, 2.1112
18.1623, 2.1263
18.1823, 1.4550
18.2023, 1.6374
18.2223, 0.8361
18.2424, 0.0000
18.2624, 1.8543
18.2824, 1.2166
18.3024, 3.0386
18.3224, 0.0000
18.3424, 2.2511
18.3624, 4.0786
18.3824, 1.7780
18.4024, 1.9578
18.4224, 2.3862
18.4424, 2.4643
18.4624, 1.5528
18.4824, 0.9539
18.5024, 2.6122
18.5224, 0.0557
18.5424, 2.7914
18.5624, 1.5694
18.5825, 1.9637
18.6025, 1.4358
18.6225, 3.3891
18.6425, 2.2092
18.6625, 1.6394
18.6825, 1.6113
18.7025, 1.8127
18.7225, 4.3536
18.7425, 0.6457
18.7625, 3.0417
18.7825, 2.5278
18.8025, 3.4979
18.8225, 2.5886
18.8425, 1.9639
18.8625, 2.9789
18.8825, 2.1900
18.9025, 2.7143
18.9225, 3.3865
18.9426, 2.0530
18.9626, 1.5369
18.9826, 1.3178
19.0026, 2.4104
19.0226, 1.0839
19.0426, 1.6114
19.0626, 0.9946
19.0826, 2.4681
19.1026, 1.2097
19.1226, 0.6760
19.1426, 0.8516
19.1626, 1.3904
19.1826, 1.4811
19.2026, 2.2116
19.2226, 1.7992
19.2426, 2.3303
19.2626, 2.4105
19.2827, 2.6999
19.3027, 0.0559
19.3227, 0.8352
19.3427, 2.5146
19.3627, 2.1717
19.3827, 2.9359
19.4027, 0.4191
19.4227, 1.4862
19.4427, 1.6647
19.4627, 2.1269
19.4827, 1.9964
19.5027, 2.4289
19.5227, 1.8461
19.5427, 3.3307
19.5627, 3.6490
19.5827, 0.8445
19.6027, 2.0056
19.6227, 2.7573
19.6428, 2.5450
19.6628, 1.5534
19.6828, 2.2150
19.7028, 0.3797
19.7228, 1.9415
19.7428, 0.5027
19.7628, 2.4677
19.7828, 0.8465
19.8028, 2.1234
19.8228, 2.2793
19.8428, 2.0363
19.8628, 1.3297
19.8828, 1.7506
19.9028, 3.1397
19.9228, 1.5367
19.9428, 1.9820
19.9628, 1.4047
19.9829, 2.9793
20.0029, 2.0383
20.0229, 1.1979
20.0429, 1.9677
20.0629, 1.7200
20.0829, 3.3509
20.1029, 1.9160
20.1229, 0.5801
20.1429, 2.4584
20.1629, 3.7437
20.1829, 3.1556
20.2029, 0.8595
20.2229, 1.6923
20.2429, 1.9300
20.2629, 1.9421
20.2829, 2.3409
20.3029, 1.6171
20.3229, 1.0465
20.3430, 2.9108
20.3630, 0.8389
20.3830, 1.1598
20.4030, 0.8328
20.4230, 2.5721
20.4430, 2.0677
20.4630, 2.8446
20.4830, 1.1815
20.5030, 0.7209
20.5230, 1.5423
20.5430, 1.8311
20.5630, 2.2759
20.5830, 0.4867
20.6030, 2.8179
20.6230, 1.7359
20.6430, 2.4382
20.6630, 4.9386
20.6831, 2.5534
20.7031, 6.3474
20.7231, 7.9713
20.7431, 8.7579
20.7631, 11.2438
20.7831, 15.0541
20.8031, 17.7630
20.8231, 18.4376
20.8431, 20.2379
20.8631, 17.9262
20.8831, 16.5460
20.9031, 16.8897
20.9231, 16.0284
20.9431, 11.3264
20.9631, 10.0970
20.9831, 8.1382
21.0031, 7.4694
21.0231, 5.8153
21.0432, 3.6259
21.0632, 3.7068
21.0832, 1.7788
21.1032, 2.0981
21.1232, 1.0131
21.1432, 1.9792
21.1632, 1.2475
21.1832, 2.6918
21.2032, 1.9540
21.2232, 1.7429
21.2432, 3.7295
21.2632, 2.3447
21.2832, 1.5936
21.3032, 1.3780
21.3232, 0.7814
21.3432, 1.8948
21.3632, 2.2677
21.3833, 0.0494
21.4033, 0.5988
21.4233, 1.4453
21.4433, 0.8642
21.4633, 2.0038
21.4833, 2.1424
21.5033, 1.8385
21.5233, 2.5099
21.5433, 1.3766
21.5633, 1.9148
21.5833, 0.9589
21.6033, 2.2447
21.6233, 2.0364
21.6433, 0.7640
21.6633, 1.8058
21.6833, 1.9228
21.7033, 2.2411
21.7233, 2.2782
21.7434, 1.2406
21.7634, 2.7230
21.7834, 2.4828
21.8034, 1.2372
21.8234, 0.8198
21.8434, 1.3135
21.8634, 0.4914
21.8834, 2.1683
21.9034, 3.1422
21.9234, 3.3798
21.9434, 0.8730
21.9634, 2.7461
21.9834, 2.0449
22.0034, 0.0000
22.0234, 1.6287
22.0434, 1.5176
22.0634, 3.1694
22.0835, 1.0911
22.1035, 2.5227
22.1235, 1.8537
22.1435, 0.5172
22.1635, 1.4093
22.1835, 3.4897
22.2035, 1.7875
22.2235, 2.8650
22.2435, 2.8102
22.2635, 1.5131
22.2835, 0.6793
22.3035, 0.8107
22.3235, 3.4099
22.3435, 2.1121
22.3635, 0.2296
22.3835, 2.7932
22.4035, 0.1767
22.4235, 1.1358
22.4436, 2.0417
22.4636, 4.4769
22.4836, 2.7752
22.5036, 1.4790
22.5236, 1.9889
22.5436, 2.8788
22.5636, 3.3801
22.5836, 1.7134
22.6036, 1.7423
22.6236, 1.1319
22.6436, 2.6247
22.6636, 2.9849
22.6836, 0.0251
22.7036, 1.5644
22.7236, 0.7491
22.7436, 2.1112
22.7636, 0.7247
22.7837, 0.6426
22.8037, 3.0823
22.8237, 1.7953
22.8437, 1.9008
22.8637, 2.3916
22.8837, 2.9298
22.9037, 1.5427
22.9237, 1.5649
22.9437, 1.5692
22.9637, 3.0403
22.9837, 1.8926
23.0037, 1.6700
23.0237, 2.3508
23.0437, 3.7888
23.0637, 2.0347
23.0837, 1.6916
23.1037, 3.9004
23.1237, 3.2882
23.1438, 3.1435
23.1638, 1.4607
23.1838, 1.3617
23.2038, 0.1294
23.2238, 2.9239
23.2438, 2.0375
23.2638, 0.1627
23.2838, 3.1605
23.3038, 1.6238
23.3238, 1.7469
23.3438, 0.4501
23.3638, 2.4520
23.3838, 2.4615
23.4038, 1.9127
23.4238, 1.5430
23.4438, 4.5827
23.4638, 0.7592
23.4839, 1.2403
23.5039, 2.6677
23.5239, 0.9478
23.5439, 0.8742
23.5639, 3.0902
23.5839, 2.5648
23.6039, 2.4439
23.6239, 2.1421
23.6439, 1.2696
23.6639, 1.7083
23.6839, 1.8816
23.7039, 2.8054
23.7239, 2.3857
23.7439, 1.0343
23.7639, 2.7488
23.7839, 0.2848
23.8039, 1.6407
23.8239, 0.8204
23.8440, 1.1049
23.8640, 3.8840
23.8840, 0.4923
23.9040, 1.1427
23.9240, 2.4702
23.9440, 1.4914
23.9640, 2.1159
23.9840, 3.3878
24.0040, 2.6141
24.0240, 1.4927
24.0440, 1.8271
24.0640, 2.4903
24.0840, 2.5945
24.1040, 1.9813
24.1240, 2.3206
24.1440, 2.3216
24.1640, 1.8685
24.1841, 1.3563
24.2041, 2.7020
24.2241, 2.2519
24.2441, 0.0000
24.2641, 1.1361
24.2841, 1.4807
24.3041, 1.7598
24.3241, 3.1626
24.3441, 5.1577
24.3641, 0.0000
24.3841, 2.2645
24.4041, 2.0301
24.4241, 1.7804
24.4441, 2.5026
24.4641, 2.1101
24.4841, 1.5997
24.5041, 1.9898
24.5241, 2.5162
24.5442, 2.4213
24.5642, 2.1489
24.5842, 1.3781
24.6042, 4.7751
24.6242, 2.3195
24.6442, 2.7218
24.6642, 1.4536
24.6842, 2.1498
24.7042, 2.1419
24.7242, 0.0518
24.7442, 1.2451
24.7642, 1.2267
24.7842, 1.3611
24.8042, 0.8925
24.8242, 2.0044
24.8442, 3.3556
24.8642, 2.0909
24.8843, 0.7813
24.9043, 0.9314
24.9243, 1.5842
24.9443, 0.5473
24.9643, 2.2645
24.9843, 3.3115
25.0043, 1.3856
25.0243, 2.0366
25.0443, 1.5323
25.0643, 1.3320
25.0843, 2.1499
25.1043, 1.2984
25.1243, 1.1535
25.1443, 0.3440
25.1643, 2.0251
25.1843, 3.0258
25.2043, 2.6667
25.2243, 3.4501
25.2444, 1.2872
25.2644, 2.8100
25.2844, 0.8598
25.3044, 2.6687
25.3244, 3.6021
25.3444, 2.4582
25.3644, 3.6197
25.3844, 1.3628
25.4044, 1.8266
25.4244, 1.0464
25.4444, 1.9953
25.4644, 2.2298
25.4844, 1.9866
25.5044, 1.4872
25.5244, 1.4707
25.5444, 2.3052
25.5644, 1.8016
25.5845, 0.8107
25.6045, 0.0664
25.6245, 1.3661
25.6445, 0.5806
25.6645, 1.1264
25.6845, 1.5380
25.7045, 1.8147
25.7245, 1.2957
25.7445, 4.1482
25.7645, 0.7016
25.7845, 3.1678
25.8045, 1.7983
25.8245, 1.3041
25.8445, 2.5472
25.8645, 1.5085
25.8845, 1.1549
25.9045, 3.7475
25.9245, 0.0000
25.9446, 1.7161
25.9646, 2.1503
25.9846, 3.3663
26.0046, 1.5628
26.0246, 4.6172
26.0446, 2.7185
26.0646, 0.0000
26.0846, 0.5093
26.1046, 2.1971
26.1246, 0.8186
26.1446, 2.5076
26.1646, 1.5077
26.1846, 0.7669
26.2046, 0.9987
26.2246, 2.8142
26.2446, 0.0000
26.2646, 3.0240
26.2847, 3.0802
26.3047, 1.7355
26.3247, 0.7866
26.3447, 2.9855
26.3647, 2.3998
26.3847, 2.1861
26.4047, 6.9871
26.4247, 6.4290
26.4447, 9.2564
26.4647, 15.9596
26.4847, 22.3887
26.5047, 32.7021
26.5247, 41.4741
26.5447, 53.5487
26.5647, 66.9321
26.5847, 78.9664
26.6047, 89.3676
26.6247, 96.7458
26.6448, 100.0000
26.6648, 98.3582
26.6848, 94.2632
26.7048, 84.1519
26.7248, 73.9247
26.7448, 61.9397
26.7648, 47.3676
26.7848, 38.9809
26.8048, 26.0914
26.8248, 18.2836
26.8448, 13.6473
26.8648, 9.3726
26.8848, 6.1964
26.9048, 5.1533
26.9248, 3.5076
26.9448, 4.6969
26.9648, 2.2426
26.9849, 1.2667
27.0049, 1.4820
27.0249, 2.4624
27.0449, 2.4587
27.0649, 2.1718
27.0849, 1.1144
27.1049, 3.0681
27.1249, 3.8946
27.1449, 1.9898
27.1649, 3.7682
27.1849, 2.8254
27.2049, 4.1756
27.2249, 2.4325
27.2449, 2.0970
27.2649, 2.8016
27.2849, 1.5277
27.3049, 2.3670
27.3249, 3.2891
27.3450, 2.7788
27.3650, 1.9297
27.3850, 2.1607
27.4050, 2.7170
27.4250, 2.6838
27.4450, 2.7094
27.4650, 2.2995
27.4850, 1.1374
27.5050, 1.2965
27.5250, 2.4210
27.5450, 2.7907
27.5650, 2.6614
27.5850, 1.2865
27.6050, 1.8097
27.6250, 0.7882
27.6450, 0.5714
27.6650, 2.0419
27.6851, 3.3165
27.7051, 2.0602
27.7251, 3.8656
27.7451, 1.7968
27.7651, 1.9918
27.7851, 0.9712
27.8051, 1.6139
27.8251, 0.7726
27.8451, 0.4178
27.8651, 0.7896
27.8851, 2.0457
27.9051, 1.2251
27.9251, 1.4615
27.9451, 2.3698
27.9651, 0.4143
27.9851, 2.0415
28.0051, 2.8073
28.0252, 2.8936
28.0452, 2.4763
28.0652, 1.9085
28.0852, 1.3379
28.1052, 1.8784
28.1252, 3.6113
28.1452, 2.2332
28.1652, 1.8539
28.1852, 2.5234
28.2052, 2.0102
28.2252, 2.1860
28.2452, 1.7143
28.2652, 1.5463
28.2852, 2.9550
28.3052, 0.0134
28.3252, 2.4384
28.3452, 1.4846
28.3652, 0.0585
28.3853, 0.9876
28.4053, 1.9246
28.4253, 2.0619
28.4453, 2.6994
28.4653, 2.7673
28.4853, 0.4164
28.5053, 2.3375
28.5253, 2.6879
28.5453, 2.1792
28.5653, 2.4622
28.5853, 0.0312
28.6053, 0.9720
28.6253, 3.3244
28.6453, 1.6813
28.6653, 4.1800
28.6853, 0.6843
28.7053, 3.5218
28.7254, 1.3509
28.7454, 2.8216
28.7654, 1.6657
28.7854, 2.0761
28.8054, 2.5552
28.8254, 1.3482
28.8454, 2.7604
28.8654, 1.6952
28.8854, 2.1383
28.9054, 0.0000
28.9254, 1.6238
28.9454, 3.2221
28.9654, 2.6541
28.9854, 2.8457
29.0054, 2.0138
29.0254, 3.6341
29.0454, 2.2486
29.0654, 1.3016
29.0855, 2.8143
29.1055, 2.8817
29.1255, 2.5891
29.1455, 1.5583
29.1655, 2.2416
29.1855, 3.3516
29.2055, 2.4374
29.2255, 0.4853
29.2455, 1.3329
29.2655, 1.2864
29.2855, 1.2075
29.3055, 0.0000
29.3255, 3.8481
29.3455, 1.0857
29.3655, 1.1580
29.3855, 0.0221
29.4055, 2.8256
29.4256, 1.8699
29.4456, 1.6103
29.4656, 1.6631
29.4856, 2.5474
29.5056, 1.4814
29.5256, 0.0000
29.5456, 0.6712
29.5656, 0.6193
29.5856, 2.2355
29.6056, 2.8891
29.6256, 3.4240
29.6456, 0.3284
29.6656, 2.5798
29.6856, 1.3465
29.7056, 4.8792
29.7256, 3.3419
29.7456, 3.6597
29.7656, 2.7617
29.7857, 2.3418
29.8057, 1.5587
29.8257, 1.3623
29.8457, 1.1618
29.8657, 2.5771
29.8857, 3.5184
29.9057, 1.6044
29.9257, 1.2394
29.9457, 0.4795
29.9657, 2.2049
29.9857, 3.1878
30.0057, 3.2378
30.0257, 3.3368
30.0457, 2.3753
30.0657, 2.0506
30.0857, 3.2407
30.1057, 0.8524
30.1258, 1.5205
30.1458, 3.6686
30.1658, 0.8877
30.1858, 1.9262
30.2058, 2.5909
30.2258, 2.0432
30.2458, 3.1081
30.2658, 3.4838
30.2858, 2.4395
30.3058, 3.3484
30.3258, 1.0334
30.3458, 1.8033
30.3658, 4.3618
30.3858, 3.9003
30.4058, 0.6857
30.4258, 1.9478
30.4458, 2.0964
30.4658, 2.3764
30.4859, 3.2325
30.5059, 3.7967
30.5259, 1.9979
30.5459, 3.0807
30.5659, 2.6077
30.5859, 1.9395
30.6059, 0.2652
30.6259, 2.9774
30.6459, 2.5648
30.6659, 2.3495
30.6859, 0.9809
30.7059, 3.9165
30.7259, 2.1128
30.7459, 0.8211
30.7659, 0.6604
30.7859, 2.6369
30.8059, 2.6667
30.8260, 1.4983
30.8460, 2.4225
30.8660, 2.6271
30.8860, 2.1003
30.9060, 1.2604
30.9260, 2.9204
30.9460, 2.7968
30.9660, 2.5273
30.9860, 1.1282
31.0060, 0.6317
31.0260, 2.0370
31.0460, 2.8886
31.0660, 2.9993
31.0860, 2.5440
31.1060, 1.5109
31.1260, 1.1577
31.1460, 1.9437
31.1660, 1.9532
31.1861, 3.0661
31.2061, 1.4817
31.2261, 1.5646
31.2461, 4.0122
31.2661, 3.5093
31.2861, 1.0793
31.3061, 3.4269
31.3261, 0.8405
31.3461, 1.5272
31.3661, 1.6409
31.3861, 1.8831
31.4061, 2.5793
31.4261, 2.0669
31.4461, 2.5743
31.4661, 1.5594
31.4861, 2.3342
31.5061, 2.0394
31.5262, 0.5745
31.5462, 2.4428
31.5662, 2.0565
31.5862, 1.2479
31.6062, 1.5364
31.6262, 1.5609
31.6462, 1.7161
31.6662, 3.7167
31.6862, 4.0474
31.7062, 0.0000
31.7262, 2.4480
31.7462, 2.9140
31.7662, 1.7449
31.7862, 2.8872
31.8062, 3.6120
31.8262, 0.5910
31.8462, 2.0941
31.8662, 3.9141
31.8863, 0.7249
31.9063, 1.8455
31.9263, 1.5129
31.9463, 3.0108
31.9663, 3.1499
31.9863, 2.1226
32.0063, 1.9927
32.0263, 0.2443
32.0463, 3.3813
32.0663, 1.6080
32.0863, 1.8185
32.1063, 2.9306
32.1263, 2.1579
32.1463, 2.9628
32.1663, 2.5630
32.1863, 2.1640
32.2063, 2.2705
32.2264, 0.8397
32.2464, 1.8119
32.2664, 3.0429
32.2864, 1.0634
32.3064, 1.2465
32.3264, 1.0824
32.3464, 2.1137
32.3664, 3.3608
32.3864, 2.5068
32.4064, 0.0000
32.4264, 2.6081
32.4464, 1.5192
32.4664, 2.4691
32.4864, 1.8113
32.5064, 1.1015
32.5264, 1.8892
32.5464, 1.5198
32.5664, 2.2678
32.5865, 1.0760
32.6065, 0.8377
32.6265, 2.6915
32.6465, 3.0676
32.6665, 2.5397
32.6865, 1.3129
32.7065, 1.2217
32.7265, 1.2792
32.7465, 2.8495
32.7665, 1.1369
32.7865, 2.8432
32.8065, 2.5964
32.8265, 3.1963
32.8465, 3.0220
32.8665, 2.5024
32.8865, 0.4943
32.9065, 2.5697
32.9266, 2.0759
32.9466, 1.5879
32.9666, 3.3206
32.9866, 1.8095
33.0066, 1.4320
33.0266, 3.0828
33.0466, 1.5562
33.0666, 1.3820
33.0866, 0.8353
33.1066, 1.1418
33.1266, 1.2274
33.1466, 2.5806
33.1666, 0.9432
33.1866, 0.1058
33.2066, 2.2633
33.2266, 1.3277
33.2466, 1.9443
33.2666, 3.2409
33.2867, 2.0320
33.3067, 3.4677
33.3267, 1.8926
33.3467, 2.9659
33.3667, 1.4141
33.3867, 2.0681
33.4067, 1.0292
33.4267, 1.1477
33.4467, 1.7363
33.4667, 0.6342
33.4867, 2.1197
33.5067, 1.6583
33.5267, 2.1948
33.5467, 0.6496
33.5667, 2.6612
33.5867, 3.6554
33.6067, 3.4447
33.6268, 3.8614
33.6468, 2.0029
33.6668, 1.6088
33.6868, 2.4474
33.7068, 1.7228
33.7268, 0.2230
33.7468, 2.7785
33.7668, 1.7266
33.7868, 0.4956
33.8068, 1.4531
33.8268, 1.7493
33.8468, 1.9724
33.8668, 1.9844
33.8868, 3.3274
33.9068, 0.6742
33.9268, 1.8087
33.9468, 1.0831
33.9668, 3.2147
33.9869, 1.4001
34.0069, 1.6173
34.0269, 3.0086
34.0469, 3.2832
34.0669, 3.4308
34.0869, 0.3202
34.1069, 2.4427
34.1269, 2.2303
34.1469, 1.9094
34.1669, 2.0270
34.1869, 3.2442
34.2069, 2.9975
34.2269, 2.8560
34.2469, 2.1672
34.2669, 4.2274
34.2869, 1.5606
34.3069, 0.3473
34.3270, 1.6958
34.3470, 2.0182
34.3670, 3.2616
34.3870, 1.4504
34.4070, 2.4510
34.4270, 0.4858
34.4470, 3.0402
34.4670, 2.0288
34.4870, 1.6805
34.5070, 4.0887
34.5270, 3.0287
34.5470, 0.9225
34.5670, 1.8514
34.5870, 4.6924
34.6070, 3.9362
34.6270, 2.8820
34.6470, 0.1166
34.6670, 3.2905
34.6871, 1.3264
34.7071, 3.2819
34.7271, 1.2391
34.7471, 2.4486
34.7671, 1.3214
34.7871, 1.5979
34.8071, 2.5818
34.8271, 0.6439
34.8471, 4.3291
34.8671, 0.9351
34.8871, 0.8792
34.9071, 2.5847
34.9271, 3.2504
34.9471, 1.6374
34.9671, 0.8909
34.9871, 1.0397
35.0071, 0.9323
35.0272, 2.2683
35.0472, 1.8907
35.0672, 2.3857
35.0872, 2.3249
35.1072, 2.7835
35.1272, 1.5513
35.1472, 1.2236
35.1672, 2.1166
35.1872, 1.9057
35.2072, 2.2131
35.2272, 1.2500
35.2472, 2.6017
35.2672, 0.7842
35.2872, 1.5209
35.3072, 3.0878
35.3272, 0.8311
35.3472, 3.0091
35.3672, 0.5538
35.3873, 0.3780
35.4073, 0.4692
35.4273, 2.0772
35.4473, 2.6890
35.4673, 3.2511
35.4873, 3.1715
35.5073, 2.8219
35.5273, 1.1302
35.5473, 1.1215
35.5673, 2.7471
35.5873, 3.3796
35.6073, 0.9311
35.6273, 3.2525
35.6473, 0.0434
35.6673, 2.3499
35.6873, 1.8570
35.7073, 1.7567
35.7274, 1.9918
35.7474, 1.1083
35.7674, 2.4059
35.7874, 2.0212
35.8074, 2.8944
35.8274, 3.5484
35.8474, 2.0873
35.8674, 1.1432
35.8874, 0.8246
35.9074, 3.6560
35.9274, 3.5284
35.9474, 2.8465
35.9674, 2.0203
35.9874, 2.7744
36.0074, 3.2629
36.0274, 1.3436
36.0474, 1.9903
36.0674, 0.8562
36.0875, 1.8318
36.1075, 3.5025
36.1275, 3.0378
36.1475, 2.0965
36.1675, 0.0000
36.1875, 1.3122
36.2075, 2.0768
36.2275, 1.7742
36.2475, 2.0516
36.2675, 2.3142
36.2875, 1.6312
36.3075, 2.3077
36.3275, 2.4020
36.3475, 2.1979
36.3675, 5.2310
36.3875, 3.5559
36.4075, 2.5807
36.4276, 7.5417
36.4476, 5.9224
36.4676, 8.6654
36.4876, 7.9805
36.5076, 9.9129
36.5276, 9.6859
36.5476, 10.7758
36.5676, 9.2550
36.5876, 8.1942
36.6076, 8.2532
36.6276, 6.6312
36.6476, 4.0742
36.6676, 4.4451
36.6876, 7.0751
36.7076, 1.7103
36.7276, 3.2449
36.7476, 2.3816
36.7676, 4.1969
36.7877, 1.0851
36.8077, 2.1912
36.8277, 2.7142
36.8477, 1.8162
36.8677, 1.2110
36.8877, 1.9461
36.9077, 1.6550
36.9277, 1.6502
36.9477, 2.8903
36.9677, 2.3631
36.9877, 2.5115
37.0077, 2.2904
37.0277, 2.9189
37.0477, 3.2627
37.0677, 1.6743
37.0877, 2.7787
37.1077, 0.6665
37.1278, 0.0000
37.1478, 3.7840
37.1678, 1.6278
37.1878, 2.2126
37.2078, 0.7374
37.2278, 0.6913
37.2478, 1.2488
37.2678, 2.6024
37.2878, 1.4449
37.3078, 1.6253
37.3278, 1.2173
37.3478, 3.1245
37.3678, 2.8277
37.3878, 1.4772
37.4078, 2.6436
37.4278, 1.7158
37.4478, 1.6236
37.4678, 1.9110
37.4879, 2.6028
37.5079, 1.0699
37.5279, 2.4622
37.5479, 4.4543
37.5679, 2.1434
37.5879, 1.9962
37.6079, 1.8766
37.6279, 2.4380
37.6479, 0.3528
37.6679, 3.6589
37.6879, 2.9402
37.7079, 1.3171
37.7279, 1.9921
37.7479, 1.4042
37.7679, 2.2593
37.7879, 2.0218
37.8079, 2.1888
37.8280, 0.9340
37.8480, 1.4798
37.8680, 3.1048
37.8880, 1.4277
37.9080, 0.0000
37.9280, 1.8102
37.9480, 4.3681
37.9680, 2.8081
37.9880, 1.3774
38.0080, 1.9101
38.0280, 2.6393
38.0480, 0.2072
38.0680, 1.1059
38.0880, 2.3583
38.1080, 3.5525
38.1280, 1.5220
38.1480, 3.5250
38.1680, 1.2075
38.1881, 0.0000
38.2081, 2.7032
38.2281, 2.5001
38.2481, 2.6956
38.2681, 2.6565
38.2881, 2.1520
38.3081, 1.7022
38.3281, 1.7403
38.3481, 1.5009
38.3681, 1.5609
38.3881, 0.1525
38.4081, 0.7483
38.4281, 1.7974
38.4481, 0.0000
38.4681, 0.0000
38.4881, 1.6269
38.5081, 1.8325
38.5282, 1.6477
38.5482, 0.0000
38.5682, 3.5104
38.5882, 0.5267
38.6082, 1.1438
38.6282, 0.7009
38.6482, 3.2575
38.6682, 2.3813
38.6882, 1.4881
38.7082, 1.4178
38.7282, 2.1399
38.7482, 0.7161
38.7682, 2.3407
38.7882, 1.4128
38.8082, 2.4794
38.8282, 2.4455
38.8482, 1.3680
38.8682, 0.0000
38.8883, 1.7142
38.9083, 0.5135
38.9283, 2.0391
38.9483, 1.7044
38.9683, 1.3736
38.9883, 0.6672
39.0083, 3.1455
39.0283, 1.5077
39.0483, 4.3103
39.0683, 1.9961
39.0883, 2.3132
39.1083, 2.0036
39.1283, 2.3102
39.1483, 3.0698
39.1683, 3.1004
39.1883, 0.2698
39.2083, 2.9506
39.2284, 2.6989
39.2484, 2.4079
39.2684, 4.3386
39.2884, 4.7473
39.3084, 4.4003
39.3284, 3.5931
39.3484, 3.7111
39.3684, 6.5122
39.3884, 8.0037
39.4084, 5.4568
39.4284, 9.2598
39.4484, 8.3875
39.4684, 7.0156
39.4884, 9.1591
39.5084, 9.1739
39.5284, 7.2527
39.5484, 5.7286
39.5684, 7.6084
39.5885, 4.3648
39.6085, 5.4065
39.6285, 2.0783
39.6485, 3.4826
39.6685, 3.0660
39.6885, 3.2781
39.7085, 3.7150
39.7285, 1.2976
39.7485, 2.5612
39.7685, 0.6379
39.7885, 0.6055
39.8085, 1.3929
39.8285, 2.3736
39.8485, 3.6367
39.8685, 3.8175
39.8885, 1.6072
39.9085, 2.2671
39.9286, 2.9054
39.9486, 2.7321
39.9686, 1.8072
39.9886, 2.0689
40.0086, 1.9136
40.0286, 1.8699
40.0486, 1.8285
40.0686, 2.1959
40.0886, 2.1314
40.1086, 1.7201
40.1286, 4.1446
40.1486, 4.3475
40.1686, 6.3632
40.1886, 5.5942
40.2086, 5.5696
40.2286, 6.0758
40.2486, 7.3407
40.2686, 8.2427
40.2887, 7.5974
40.3087, 6.2584
40.3287, 6.6218
40.3487, 6.8077
40.3687, 6.8255
40.3887, 3.8442
40.4087, 4.8498
40.4287, 4.1355
40.4487, 2.8995
40.4687, 2.3187
40.4887, 1.8381
40.5087, 2.4808
40.5287, 3.3103
40.5487, 3.2835
40.5687, 0.9071
40.5887, 1.8093
40.6087, 0.0000
40.6288, 2.0778
40.6488, 2.5609
40.6688, 3.5306
40.6888, 0.1777
40.7088, 0.8746
40.7288, 2.1046
40.7488, 0.3449
40.7688, 2.1325
40.7888, 2.5826
40.8088, 0.6814
40.8288, 2.0930
40.8488, 0.7504
40.8688, 3.3338
40.8888, 2.1669
40.9088, 1.3216
40.9288, 0.7245
40.9488, 2.3491
40.9688, 3.3163
40.9889, 1.1904
41.0089, 1.5217
41.0289, 1.2097
41.0489, 3.5135
41.0689, 0.0551
41.0889, 3.2441
41.1089, 1.5840
41.1289, 1.8891
41.1489, 1.6205
41.1689, 2.1998
41.1889, 1.2320
41.2089, 3.0172
41.2289, 3.0578
41.2489, 0.9788
41.2689, 2.6270
41.2889, 1.6047
41.3089, 2.0121
41.3290, 3.4832
41.3490, 1.2877
41.3690, 2.8856
41.3890, 2.4170
41.4090, 1.7669
41.4290, 2.3274
41.4490, 2.2086
41.4690, 0.8041
41.4890, 1.3549
41.5090, 0.9171
41.5290, 1.6844
41.5490, 3.3034
41.5690, 2.5407
41.5890, 0.5304
41.6090, 1.6877
41.6290, 2.1938
41.6490, 2.7035
41.6690, 1.3109
41.6891, 0.7252
41.7091, 1.9043
41.7291, 2.5287
41.7491, 2.1950
41.7691, 1.0774
41.7891, 3.7123
41.8091, 1.8619
41.8291, 2.1540
41.8491, 1.2997
41.8691, 3.0653
41.8891, 2.5315
41.9091, 2.2747
41.9291, 0.8108
41.9491, 3.0528
41.9691, 2.7163
41.9891, 2.9739
42.0091, 1.9977
42.0292, 1.8862
42.0492, 1.7796
42.0692, 4.2378
42.0892, 1.4236
42.1092, 0.7864
42.1292, 1.6095
42.1492, 1.4723
42.1692, 3.3040
42.1892, 0.7661
42.2092, 1.6833
42.2292, 2.6313
42.2492, 4.0057
42.2692, 3.8787
42.2892, 5.3609
42.3092, 4.8262
42.3292, 5.1585
42.3492, 7.1989
42.3692, 5.9935
42.3893, 6.6016
42.4093, 10.0663
42.4293, 9.8224
42.4493, 10.7651
42.4693, 8.7868
42.4893, 10.4221
42.5093, 9.0419
42.5293, 7.4000
42.5493, 6.6256
42.5693, 5.7770
42.5893, 3.6853
42.6093, 3.4085
42.6293, 3.5341
42.6493, 2.3415
42.6693, 0.9920
42.6893, 2.5497
42.7093, 2.9616
42.7294, 3.1171
42.7494, 2.5383
42.7694, 2.8003
42.7894, 2.9572
42.8094, 2.0449
42.8294, 0.0000
42.8494, 3.1193
42.8694, 1.0691
42.8894, 0.8317
42.9094, 0.8590
42.9294, 4.4411
42.9494, 2.4004
42.9694, 0.9207
42.9894, 1.2783
43.0094, 1.9599
43.0294, 2.5021
43.0494, 2.2394
43.0694, 1.0335
43.0895, 2.2772
43.1095, 1.3504
43.1295, 3.0058
43.1495, 2.0168
43.1695, 1.2025
43.1895, 2.6484
43.2095, 2.3432
43.2295, 1.4865
43.2495, 2.6895
43.2695, 2.5887
43.2895, 3.1604
43.3095, 2.6696
43.3295, 1.7470
43.3495, 0.2728
43.3695, 2.1469
43.3895, 2.3018
43.4095, 2.0117
43.4296, 0.0000
43.4496, 2.6383
43.4696, 1.0500
43.4896, 2.6452
43.5096, 3.6585
43.5296, 1.7082
43.5496, 2.3984
43.5696, 1.9933
43.5896, 2.4853
43.6096, 2.0639
43.6296, 1.4445
43.6496, 1.0571
43.6696, 3.5484
43.6896, 2.3984
43.7096, 2.7897
43.7296, 2.3590
43.7496, 2.9348
43.7696, 1.0661
43.7897, 2.0436
43.8097, 2.4652
43.8297, 3.2511
43.8497, 4.6293
43.8697, 2.3674
43.8897, 1.3006
43.9097, 0.7669
43.9297, 1.0573
43.9497, 1.1877
43.9697, 0.0000
43.9897, 1.2860
44.0097, 2.6762
44.0297, 2.0359
44.0497, 1.7024
44.0697, 0.3413
44.0897, 3.0093
44.1097, 2.4716
44.1298, 1.9477
44.1498, 0.0000
44.1698, 1.4706
44.1898, 2.3936
44.2098, 1.9321
44.2298, 2.1522
44.2498, 2.6449
44.2698, 2.1151
44.2898, 2.6092
44.3098, 1.1184
44.3298, 0.7398
44.3498, 2.4372
44.3698, 2.6419
44.3898, 2.4787
44.4098, 2.0920
44.4298, 1.6371
44.4498, 2.1712
44.4698, 2.3393
44.4899, 2.3992
44.5099, 4.5634
44.5299, 1.0413
44.5499, 5.1813
44.5699, 0.7058
44.5899, 2.3456
44.6099, 0.7677
44.6299, 2.2663
44.6499, 2.9411
44.6699, 1.9931
44.6899, 2.9321
44.7099, 1.5376
44.7299, 0.0000
44.7499, 2.5863
44.7699, 1.9912
44.7899, 1.4818
44.8099, 1.5507
44.8300, 2.3665
44.8500, 1.1474
44.8700, 2.3352
44.8900, 3.1473
44.9100, 4.0173
44.9300, 3.3628
44.9500, 2.1221
44.9700, 2.2178
44.9900, 1.5610
45.0100, 1.4957
45.0300, 2.8312
45.0500, 1.6536
45.0700, 2.3261
45.0900, 0.9997
45.1100, 3.3286
45.1300, 1.6387
45.1500, 3.0468
45.1700, 1.2579
45.1901, 1.2051
45.2101, 3.2864
45.2301, 1.3356
45.2501, 0.3953
45.2701, 0.9224
45.2901, 2.8159
45.3101, 2.7200
45.3301, 1.1994
45.3501, 1.3300
45.3701, 2.6327
45.3901, 3.2748
45.4101, 1.8929
45.4301, 2.5163
45.4501, 2.8378
45.4701, 4.1212
45.4901, 0.8295
45.5101, 1.3371
45.5302, 1.5369
45.5502, 2.9321
45.5702, 1.9552
45.5902, 2.6704
45.6102, 2.6973
45.6302, 2.8701
45.6502, 3.3475
45.6702, 4.7119
45.6902, 3.2078
45.7102, 4.5351
45.7302, 3.9424
45.7502, 5.7680
45.7702, 5.5997
45.7902, 6.9492
45.8102, 5.7861
45.8302, 5.0913
45.8502, 4.8994
45.8702, 6.3927
45.8903, 2.5979
45.9103, 3.0466
45.9303, 3.2670
45.9503, 2.2255
45.9703, 3.0598
45.9903, 2.2982
46.0103, 2.4595
46.0303, 2.2217
46.0503, 1.9386
46.0703, 0.7154
46.0903, 2.1588
46.1103, 0.2111
46.1303, 1.2949
46.1503, 2.4513
46.1703, 3.1493
46.1903, 4.3065
46.2103, 1.5332
46.2304, 1.0969
46.2504, 2.4820
46.2704, 3.8275
46.2904, 3.4908
46.3104, 0.9272
46.3304, 1.8203
46.3504, 2.8096
46.3704, 2.8788
46.3904, 2.5515
46.4104, 1.5126
46.4304, 2.5426
46.4504, 2.8884
46.4704, 1.0301
46.4904, 3.2886
46.5104, 2.9509
46.5304, 1.2198
46.5504, 2.8840
46.5704, 2.7724
46.5905, 2.8103
46.6105, 3.5340
46.6305, 1.9501
46.6505, 2.2916
46.6705, 0.0000
46.6905, 3.0746
46.7105, 2.9785
46.7305, 3.3144
46.7505, 1.0254
46.7705, 2.9211
46.7905, 2.9777
46.8105, 1.3107
46.8305, 3.0148
46.8505, 2.4229
46.8705, 0.2654
46.8905, 2.5441
46.9105, 1.1946
46.9306, 0.2874
46.9506, 2.3265
46.9706, 1.8954
46.9906, 3.3621
47.0106, 2.1420
47.0306, 2.7378
47.0506, 2.4686
47.0706, 2.9799
47.0906, 1.0756
47.1106, 2.1588
47.1306, 1.8201
47.1506, 2.6132
47.1706, 2.2160
47.1906, 1.3476
47.2106, 1.6232
47.2306, 3.6064
47.2506, 0.2690
47.2706, 2.6688
47.2907, 3.2000
47.3107, 2.5385
47.3307, 3.9284
47.3507, 2.8976
47.3707, 2.3441
47.3907, 1.4946
47.4107, 2.3626
47.4307, 2.6411
47.4507, 1.9641
47.4707, 1.2190
47.4907, 0.7583
47.5107, 2.1457
47.5307, 0.4827
47.5507, 1.4898
47.5707, 0.0000
47.5907, 2.7922
47.6107, 3.1127
47.6308, 2.0394
47.6508, 3.7890
47.6708, 3.3058
47.6908, 2.4396
47.7108, 1.8476
47.7308, 1.6118
47.7508, 2.5222
47.7708, 1.8196
47.7908, 2.5079
47.8108, 2.5820
47.8308, 1.7314
47.8508, 3.0546
47.8708, 1.7324
47.8908, 1.9819
47.9108, 0.9847
47.9308, 1.6904
47.9508, 4.1152
47.9708, 1.0617
47.9909, 2.3976
48.0109, 1.5068
48.0309, 0.0000
48.0509, 2.5186
48.0709, 1.4054
48.0909, 2.2791
48.1109, 2.9487
48.1309, 2.1948
48.1509, 2.2883
48.1709, 1.0941
48.1909, 2.6663
48.2109, 1.7712
48.2309, 0.0000
48.2509, 2.7865
48.2709, 3.0917
48.2909, 3.4393
48.3109, 4.1278
48.3310, 2.7329
48.3510, 2.4737
48.3710, 3.0503
48.3910, 1.0751
48.4110, 0.2914
48.4310, 1.4844
48.4510, 3.2357
48.4710, 1.3006
48.4910, 2.4254
48.5110, 2.5329
48.5310, 2.2045
48.5510, 0.6851
48.5710, 2.3027
48.5910, 1.5397
48.6110, 3.6607
48.6310, 3.0956
48.6510, 1.5749
48.6710, 3.7234
48.6911, 2.3037
48.7111, 0.2917
48.7311, 1.8824
48.7511, 3.5932
48.7711, 1.1421
48.7911, 1.8925
48.8111, 0.6030
48.8311, 0.7614
48.8511, 1.1277
48.8711, 0.7352
48.8911, 1.3433
48.9111, 3.6960
48.9311, 1.9246
48.9511, 2.7448
48.9711, 3.0504
48.9911, 0.8540
49.0111, 1.1304
49.0312, 2.7251
49.0512, 1.3273
49.0712, 2.6590
49.0912, 3.6352
49.1112, 0.5076
49.1312, 1.6042
49.1512, 1.7626
49.1712, 1.4351
49.1912, 1.3536
49.2112, 1.4693
49.2312, 1.9454
49.2512, 2.1252
49.2712, 2.9124
49.2912, 1.9355
49.3112, 3.0769
49.3312, 1.3698
49.3512, 0.7612
49.3712, 1.6563
49.3913, 2.4223
49.4113, 2.8196
49.4313, 3.4184
49.4513, 2.2503
49.4713, 2.7124
49.4913, 3.3271
49.5113, 1.1826
49.5313, 1.7508
49.5513, 4.7269
49.5713, 2.8156
49.5913, 2.4704
49.6113, 2.8528
49.6313, 0.6271
49.6513, 1.3148
49.6713, 0.9500
49.6913, 2.3786
49.7113, 1.5926
49.7314, 2.0567
49.7514, 1.6523
49.7714, 0.3422
49.7914, 2.8562
49.8114, 0.2275
49.8314, 1.2886
49.8514, 0.7552
49.8714, 1.2866
49.8914, 2.5317
49.9114, 3.8322
49.9314, 1.4562
49.9514, 3.0659
49.9714, 2.7164
49.9914, 4.9548
50.0114, 6.9763
50.0314, 9.2141
50.0514, 7.9775
50.0714, 12.2465
50.0915, 12.1240
50.1115, 12.9093
50.1315, 14.7187
50.1515, 15.2348
50.1715, 13.9009
50.1915, 11.8179
50.2115, 11.3692
50.2315, 9.1259
50.2515, 8.8155
50.2715, 7.7664
50.2915, 6.3918
50.3115, 4.3037
50.3315, 4.6400
50.3515, 1.9234
50.3715, 4.3316
50.3915, 1.2755
50.4115, 0.1204
50.4316, 3.4216
50.4516, 1.3006
50.4716, 2.1006
50.4916, 0.9422
50.5116, 4.3250
50.5316, 3.7814
50.5516, 3.5054
50.5716, 2.0491
50.5916, 2.9398
50.6116, 1.9077
50.6316, 3.0810
50.6516, 1.5507
50.6716, 3.5427
50.6916, 1.5005
50.7116, 1.6139
50.7316, 1.4948
50.7516, 2.1527
50.7716, 1.5730
50.7917, 2.4470
50.8117, 1.4804
50.8317, 2.7501
50.8517, 3.4765
50.8717, 2.0380
50.8917, 4.1753
50.9117, 3.0863
50.9317, 4.0953
50.9517, 1.8995
50.9717, 0.3019
50.9917, 1.2556
51.0117, 1.3574
51.0317, 1.0091
51.0517, 0.0000
51.0717, 2.9836
51.0917, 0.1036
51.1117, 2.8879
51.1318, 4.1425
51.1518, 1.1835
51.1718, 2.3475
51.1918, 1.5626
51.2118, 2.7863
51.2318, 0.7681
51.2518, 1.8290
51.2718, 3.0799
51.2918, 1.9118
51.3118, 0.3346
51.3318, 3.2002
51.3518, 0.6667
51.3718, 2.0392
51.3918, 2.5423
51.4118, 2.0802
51.4318, 4.4939
51.4518, 2.6932
51.4718, 1.7586
51.4919, 2.5623
51.5119, 2.1702
51.5319, 2.0049
51.5519, 2.2040
51.5719, 1.5272
51.5919, 2.1731
51.6119, 1.4559
51.6319, 0.0675
51.6519, 3.0989
51.6719, 1.3961
51.6919, 2.1017
51.7119, 1.2014
51.7319, 1.2316
51.7519, 0.9233
51.7719, 2.9073
51.7919, 3.1484
51.8119, 1.9865
51.8320, 1.4248
51.8520, 0.2703
51.8720, 2.7547
51.8920, 1.2851
51.9120, 0.8452
51.9320, 1.9898
51.9520, 1.6270
51.9720, 0.4450
51.9920, 0.5821
52.0120, 2.2966
52.0320, 1.3060
52.0520, 2.4700
52.0720, 2.1069
52.0920, 3.0064
52.1120, 1.1298
52.1320, 2.1929
52.1520, 2.5978
52.1720, 1.3354
52.1921, 3.0859
52.2121, 0.2970
52.2321, 1.1290
52.2521, 0.2597
52.2721, 1.2259
52.2921, 1.8063
52.3121, 2.7907
52.3321, 1.8056
52.3521, 1.3662
52.3721, 0.4139
52.3921, 0.7484
52.4121, 2.2703
52.4321, 2.8406
52.4521, 1.5421
52.4721, 3.1696
52.4921, 1.0122
52.5121, 1.5707
52.5322, 1.6549
52.5522, 3.4875
52.5722, 2.0940
52.5922, 0.1651
52.6122, 2.9107
52.6322, 3.8035
52.6522, 1.7113
52.6722, 1.0650
52.6922, 2.8234
52.7122, 3.9216
52.7322, 2.8079
52.7522, 0.3402
52.7722, 2.7140
52.7922, 2.3641
52.8122, 1.0075
52.8322, 3.2473
52.8522, 2.3982
52.8722, 3.2734
52.8923, 0.9009
52.9123, 2.3587
52.9323, 1.0670
52.9523, 2.2078
52.9723, 3.4354
52.9923, 0.5365
53.0123, 0.5938
53.0323, 2.9145
53.0523, 1.9465
53.0723, 3.1299
53.0923, 1.1546
53.1123, 2.0117
53.1323, 2.6476
53.1523, 2.1704
53.1723, 0.1748
53.1923, 4.7785
53.2123, 2.1726
53.2324, 0.6224
53.2524, 2.2743
53.2724, 2.3890
53.2924, 2.9529
53.3124, 2.8862
53.3324, 1.7471
53.3524, 0.2413
53.3724, 2.4212
53.3924, 0.3209
53.4124, 3.1738
53.4324, 1.2290
53.4524, 2.5945
53.4724, 1.3055
53.4924, 1.4694
53.5124, 1.1609
53.5324, 2.6755
53.5524, 1.3403
53.5724, 2.7279
53.5925, 1.3664
53.6125, 1.7295
53.6325, 1.9961
53.6525, 2.1142
53.6725, 1.0379
53.6925, 2.6632
53.7125, 1.6897
53.7325, 2.5036
53.7525, 1.9444
53.7725, 2.5461
53.7925, 1.5499
53.8125, 1.1723
53.8325, 2.3867
53.8525, 1.4677
53.8725, 3.4170
53.8925, 2.0281
53.9125, 0.5892
53.9326, 1.3761
53.9526, 0.9629
53.9726, 3.0317
53.9926, 2.7329
54.0126, 1.8996
54.0326, 2.2502
54.0526, 1.8731
54.0726, 2.8196
54.0926, 2.4796
54.1126, 2.6594
54.1326, 1.7691
54.1526, 1.3301
54.1726, 2.6246
54.1926, 3.5094
54.2126, 3.0648
54.2326, 3.5396
54.2526, 2.1224
54.2726, 0.9922
54.2927, 1.0808
54.3127, 3.3379
54.3327, 0.1017
54.3527, 3.4629
54.3727, 1.1743
54.3927, 3.8808
54.4127, 1.8901
54.4327, 2.6820
54.4527, 4.3419
54.4727, 1.6314
54.4927, 1.6154
54.5127, 1.2695
54.5327, 0.9663
54.5527, 1.6436
54.5727, 1.4315
54.5927, 0.7604
54.6127, 1.8390
54.6328, 2.5656
54.6528, 1.3288
54.6728, 2.2207
54.6928, 4.0134
54.7128, 1.4950
54.7328, 5.2226
54.7528, 3.0726
54.7728, 4.4433
54.7928, 6.0247
54.8128, 6.7934
54.8328, 6.0521
54.8528, 5.1226
54.8728, 5.0985
54.8928, 5.1926
54.9128, 7.3769
54.9328, 4.7059
54.9528, 4.9313
54.9728, 3.0604
54.9929, 2.4636
55.0129, 3.2173
55.0329, 2.5194
55.0529, 2.3348
55.0729, 0.9439
55.0929, 2.2716
55.1129, 3.9044
55.1329, 1.6073
55.1529, 3.5469
55.1729, 0.0000
55.1929, 2.5058
55.2129, 1.8461
55.2329, 5.4823
55.2529, 5.6291
55.2729, 4.1822
55.2929, 5.8740
55.3129, 7.0168
55.3330, 7.2348
55.3530, 5.3600
55.3730, 3.2831
55.3930, 4.1880
55.4130, 5.3687
55.4330, 6.1919
55.4530, 3.5550
55.4730, 2.5702
55.4930, 5.2120
55.5130, 2.9414
55.5330, 1.1048
55.5530, 2.0689
55.5730, 3.0920
55.5930, 1.9648
55.6130, 2.7935
55.6330, 0.3786
55.6530, 0.5387
55.6730, 1.2316
55.6931, 1.6809
55.7131, 2.2949
55.7331, 2.5967
55.7531, 4.4228
55.7731, 1.2233
55.7931, 1.6471
55.8131, 1.2511
55.8331, 3.0382
55.8531, 3.0927
55.8731, 1.5137
55.8931, 4.0229
55.9131, 1.2529
55.9331, 2.9888
55.9531, 3.4127
55.9731, 0.6012
55.9931, 2.5373
56.0131, 0.0000
56.0332, 2.7834
56.0532, 0.8608
56.0732, 2.5271
56.0932, 2.7143
56.1132, 3.0789
56.1332, 2.8493
56.1532, 2.0164
56.1732, 1.5807
56.1932, 1.8863
56.2132, 0.8464
56.2332, 1.7492
56.2532, 1.6704
56.2732, 1.1737
56.2932, 0.2223
56.3132, 0.6858
56.3332, 0.0000
56.3532, 1.6532
56.3732, 2.3205
56.3933, 0.0000
56.4133, 2.1969
56.4333, 1.8383
56.4533, 0.7858
56.4733, 1.5301
56.4933, 3.0097
56.5133, 0.9880
56.5333, 2.0393
56.5533, 2.3066
56.5733, 1.1397
56.5933, 2.9672
56.6133, 2.3638
56.6333, 1.7091
56.6533, 4.3199
56.6733, 2.9715
56.6933, 0.2772
56.7133, 1.5721
56.7334, 4.4232
56.7534, 0.9800
56.7734, 2.0268
56.7934, 3.1896
56.8134, 2.6118
56.8334, 2.7557
56.8534, 2.6970
56.8734, 1.9859
56.8934, 1.1696
56.9134, 2.3946
56.9334, 1.5585
56.9534, 1.4800
56.9734, 3.4406
56.9934, 1.5802
57.0134, 3.6639
57.0334, 2.2169
57.0534, 1.8017
57.0734, 0.1460
57.0935, 4.0770
57.1135, 1.9546
57.1335, 0.0000
57.1535, 2.9467
57.1735, 1.9105
57.1935, 1.0308
57.2135, 2.8902
57.2335, 0.0000
57.2535, 1.2477
57.2735, 1.6617
57.2935, 2.8114
57.3135, 4.1972
57.3335, 1.7162
57.3535, 2.4198
57.3735, 4.7045
57.3935, 1.9653
57.4135, 2.4280
57.4336, 0.7253
57.4536, 3.9165
57.4736, 1.2488
57.4936, 2.2287
57.5136, 2.2004
57.5336, 2.0458
57.5536, 1.5270
57.5736, 2.2015
57.5936, 3.7150
57.6136, 4.2378
57.6336, 1.7857
57.6536, 1.5119
57.6736, 1.1532
57.6936, 4.6423
57.7136, 2.0892
57.7336, 3.0738
57.7536, 2.6561
57.7736, 4.1654
57.7937, 1.7133
57.8137, 0.8553
57.8337, 3.8170
57.8537, 2.8624
57.8737, 2.4161
57.8937, 3.4933
57.9137, 2.4731
57.9337, 3.5279
57.9537, 2.2068
57.9737, 2.8611
57.9937, 2.4861
58.0137, 1.6358
58.0337, 1.7555
58.0537, 1.5684
58.0737, 2.2256
58.0937, 1.5055
58.1137, 2.3958
58.1338, 2.3618
58.1538, 2.1654
58.1738, 2.1827
58.1938, 1.3954
58.2138, 1.6791
58.2338, 0.2927
58.2538, 1.8409
58.2738, 0.9764
58.2938, 2.0603
58.3138, 1.2473
58.3338, 0.0000
58.3538, 4.2093
58.3738, 1.7295
58.3938, 3.4053
58.4138, 1.4345
58.4338, 3.6559
58.4538, 0.8108
58.4738, 2.1363
58.4939, 0.8701
58.5139, 4.5571
58.5339, 1.7117
58.5539, 2.7877
58.5739, 2.4104
58.5939, 1.9351
58.6139, 2.4775
58.6339, 3.3175
58.6539, 2.6277
58.6739, 2.1228
58.6939, 2.4791
58.7139, 3.8725
58.7339, 1.5445
58.7539, 0.1097
58.7739, 0.8659
58.7939, 0.9401
58.8139, 1.0808
58.8340, 1.1151
58.8540, 1.9370
58.8740, 2.2076
58.8940, 2.1969
58.9140, 1.2315
58.9340, 2.9529
58.9540, 2.4942
58.9740, 3.5393
58.9940, 2.8060
59.0140, 1.6116
59.0340, 3.2639
59.0540, 2.2337
59.0740, 2.7573
59.0940, 2.6798
59.1140, 1.8365
59.1340, 2.0637
59.1540, 1.8294
59.1740, 1.1090
59.1941, 0.0000
59.2141, 1.2679
59.2341, 2.1594
59.2541, 3.0444
59.2741, 2.7553
59.2941, 1.6814
59.3141, 1.2815
59.3341, 1.7810
59.3541, 0.9872
59.3741, 0.0000
59.3941, 0.4180
59.4141, 3.3331
59.4341, 3.8148
59.4541, 2.7133
59.4741, 1.9025
59.4941, 0.5699
59.5141, 1.7998
59.5342, 2.5716
59.5542, 2.7895
59.5742, 2.6492
59.5942, 3.1705
59.6142, 3.9055
59.6342, 1.5674
59.6542, 4.7844
59.6742, 0.0000
59.6942, 1.2692
59.7142, 2.3142
59.7342, 2.7730
59.7542, 2.2126
59.7742, 2.1444
59.7942, 5.1750
59.8142, 2.8691
59.8342, 2.9238
59.8542, 6.2314
59.8742, 6.0249
59.8943, 6.8799
59.9143, 6.5040
59.9343, 5.3059
59.9543, 6.9373
59.9743, 5.2939
59.9943, 6.7848
60.0143, 6.7529
60.0343, 6.6070
60.0543, 4.8134
60.0743, 5.0263
60.0943, 2.8022
60.1143, 4.1784
60.1343, 3.4937
60.1543, 1.7251
60.1743, 2.8428
60.1943, 3.2594
60.2143, 2.1596
60.2344, 1.2052
60.2544, 2.1723
60.2744, 2.5292
60.2944, 1.1400
60.3144, 0.9583
60.3344, 2.4830
60.3544, 2.7832
60.3744, 4.1071
60.3944, 2.6253
60.4144, 0.7535
60.4344, 3.9970
60.4544, 3.0138
60.4744, 0.0000
60.4944, 0.9320
60.5144, 1.4698
60.5344, 2.7973
60.5544, 0.0000
60.5744, 1.8417
60.5945, 2.7404
60.6145, 0.0000
60.6345, 2.7061
60.6545, 2.8261
60.6745, 1.1153
60.6945, 0.8092
60.7145, 1.0997
60.7345, 0.0000
60.7545, 1.6349
60.7745, 2.1798
60.7945, 0.7433
60.8145, 2.9310
60.8345, 2.0630
60.8545, 2.2202
60.8745, 1.5593
60.8945, 2.7024
60.9145, 3.2490
60.9346, 1.5537
60.9546, 2.7204
60.9746, 2.7313
60.9946, 2.3778
61.0146, 3.6349
61.0346, 1.2353
61.0546, 1.5397
61.0746, 1.1849
61.0946, 2.6844
61.1146, 1.6885
61.1346, 1.2660
61.1546, 3.6210
61.1746, 3.7671
61.1946, 1.6324
61.2146, 0.5954
61.2346, 3.8210
61.2546, 2.4305
61.2746, 2.3806
61.2947, 2.0654
61.3147, 1.1616
61.3347, 1.5480
61.3547, 2.6372
61.3747, 1.5138
61.3947, 2.3929
61.4147, 1.9739
61.4347, 0.9054
61.4547, 3.5791
61.4747, 2.5536
61.4947, 2.2907
61.5147, 2.5147
61.5347, 0.1706
61.5547, 1.4682
61.5747, 0.4358
61.5947, 2.0851
61.6147, 2.2860
61.6348, 2.1017
61.6548, 3.1372
61.6748, 0.4657
61.6948, 1.1627
61.7148, 2.3743
61.7348, 2.2241
61.7548, 0.6473
61.7748, 3.1552
61.7948, 3.5013
61.8148, 2.3855
61.8348, 0.4540
61.8548, 2.1201
61.8748, 2.3004
61.8948, 1.6892
61.9148, 3.3056
61.9348, 1.8448
61.9548, 4.0617
61.9748, 2.7424
61.9949, 2.2362
62.0149, 2.8795
62.0349, 3.4890
62.0549, 2.8582
62.0749, 1.8849
62.0949, 1.3018
62.1149, 0.8403
62.1349, 0.0000
62.1549, 2.1345
62.1749, 1.5736
62.1949, 1.6270
62.2149, 2.9878
62.2349, 1.8487
62.2549, 3.8526
62.2749, 1.3884
62.2949, 0.9912
62.3149, 0.7050
62.3350, 2.6822
62.3550, 3.1102
62.3750, 1.3672
62.3950, 0.8984
62.4150, 3.4883
62.4350, 0.5126
62.4550, 2.9691
62.4750, 1.3905
62.4950, 2.3570
62.5150, 3.0357
62.5350, 2.4361
62.5550, 1.6658
62.5750, 3.3544
62.5950, 2.2492
62.6150, 5.6370
62.6350, 0.2582
62.6550, 0.2435
62.6751, 2.9532
62.6951, 1.9289
62.7151, 2.7519
62.7351, 0.8640
62.7551, 2.0146
62.7751, 2.4172
62.7951, 1.4178
62.8151, 2.1920
62.8351, 0.6013
62.8551, 2.3548
62.8751, 3.4037
62.8951, 0.7250
62.9151, 0.6648
62.9351, 3.1486
62.9551, 0.6471
62.9751, 2.7998
62.9951, 2.0158
63.0151, 1.5435
63.0352, 3.4247
63.0552, 2.8872
63.0752, 2.2398
63.0952, 0.0000
63.1152, 2.6717
63.1352, 0.8915
63.1552, 1.7396
63.1752, 1.9679
63.1952, 3.8547
63.2152, 1.7078
63.2352, 0.5402
63.2552, 3.4278
63.2752, 2.6851
63.2952, 2.7223
63.3152, 3.4466
63.3352, 3.6810
63.3552, 1.0703
63.3753, 0.5719
63.3953, 2.8017
63.4153, 1.6986
63.4353, 1.7891
63.4553, 0.8408
63.4753, 2.5435
63.4953, 2.3621
63.5153, 1.8053
63.5353, 0.5745
63.5553, 3.1678
63.5753, 2.2159
63.5953, 3.0767
63.6153, 0.0000
63.6353, 2.0179
63.6553, 1.2463
63.6753, 1.9999
63.6953, 2.9093
63.7153, 2.3444
63.7354, 2.0070
63.7554, 2.0266
63.7754, 0.4988
63.7954, 1.2189
63.8154, 3.3472
63.8354, 1.8733
63.8554, 3.7219
63.8754, 3.6733
63.8954, 4.0468
63.9154, 3.8644
63.9354, 3.4772
63.9554, 4.1255
63.9754, 5.2244
63.9954, 2.6794
64.0154, 6.1397
64.0354, 4.3623
64.0554, 4.6111
64.0755, 4.3490
64.0955, 4.0432
64.1155, 2.3940
64.1355, 3.4823
64.1555, 3.5817
64.1755, 0.6558
64.1955, 1.1659
64.2155, 3.1844
64.2355, 2.8749
64.2555, 2.3815
64.2755, 1.3494
64.2955, 2.7130
64.3155, 0.7794
64.3355, 1.8333
64.3555, 0.6609
64.3755, 1.8010
64.3955, 0.9328
64.4155, 2.7155
64.4356, 2.3932
64.4556, 1.3910
64.4756, 3.0491
64.4956, 1.0059
64.5156, 1.9254
64.5356, 1.3468
64.5556, 2.7017
64.5756, 2.6030
64.5956, 3.2604
64.6156, 2.0434
64.6356, 0.0000
64.6556, 1.5304
64.6756, 3.5233
64.6956, 1.6361
64.7156, 0.0462
64.7356, 2.4092
64.7556, 2.4838
64.7757, 1.2346
64.7957, 1.7142
64.8157, 1.1147
64.8357, 2.4823
64.8557, 2.0171
64.8757, 0.7967
64.8957, 1.9511
64.9157, 1.2288
64.9357, 3.4192
64.9557, 2.8528
64.9757, 1.8385
64.9957, 2.0415
65.0157, 2.9727
65.0357, 1.7873
65.0557, 2.7177
65.0757, 3.4355
65.0957, 1.4705
65.1157, 3.6040
65.1358, 3.3135
65.1558, 2.2087
65.1758, 1.5174
65.1958, 2.1963
65.2158, 1.7165
65.2358, 1.1691
65.2558, 2.4920
65.2758, 0.9387
65.2958, 1.6226
65.3158, 1.6357
65.3358, 0.5976
65.3558, 2.6180
65.3758, 1.7326
65.3958, 3.2573
65.4158, 1.7163
65.4358, 1.5547
65.4558, 1.0574
65.4759, 1.9996
65.4959, 2.0052
65.5159, 2.7011
65.5359, 2.0275
65.5559, 4.0511
65.5759, 2.4161
65.5959, 0.9754
65.6159, 0.8909
65.6359, 2.4945
65.6559, 0.9439
65.6759, 2.5545
65.6959, 2.8548
65.7159, 2.8788
65.7359, 1.0928
65.7559, 2.8805
65.7759, 2.2826
65.7959, 1.3537
65.8159, 1.8014
65.8360, 2.4311
65.8560, 1.2888
65.8760, 2.2620
65.8960, 3.4038
65.9160, 2.9231
65.9360, 2.0424
65.9560, 2.1943
65.9760, 1.4234
65.9960, 1.4515
66.0160, 0.4259
66.0360, 2.2113
66.0560, 2.6420
66.0760, 1.8899
66.0960, 1.0847
66.1160, 2.0266
66.1360, 3.3001
66.1560, 2.8571
66.1761, 1.9312
66.1961, 4.0047
66.2161, 4.6549
66.2361, 1.4812
66.2561, 1.7151
66.2761, 2.6528
66.2961, 1.0491
66.3161, 2.8083
66.3361, 2.0619
66.3561, 2.3316
66.3761, 1.3861
66.3961, 1.1742
66.4161, 0.0000
66.4361, 3.4429
66.4561, 2.9005
66.4761, 2.6328
66.4961, 2.3083
66.5161, 0.0000
66.5362, 1.2107
66.5562, 1.7049
66.5762, 0.8810
66.5962, 0.2698
66.6162, 0.9848
66.6362, 2.0096
66.6562, 2.0099
66.6762, 2.8666
66.6962, 4.0204
66.7162, 2.6452
66.7362, 1.7853
66.7562, 3.7580
66.7762, 0.3813
66.7962, 0.0000
66.8162, 1.0753
66.8362, 2.7714
66.8562, 2.1289
66.8763, 0.8341
66.8963, 1.2347
66.9163, 0.7211
66.9363, 0.7211
66.9563, 3.5091
66.9763, 1.8174
66.9963, 3.7273
67.0163, 1.0720
67.0363, 2.4509
67.0563, 2.1873
67.0763, 2.8388
67.0963, 2.2147
67.1163, 2.9441
67.1363, 2.5139
67.1563, 0.8711
67.1763, 2.6921
67.1963, 1.8577
67.2163, 1.1851
67.2364, 2.6534
67.2564, 2.8806
67.2764, 1.4778
67.2964, 1.6107
67.3164, 0.5759
67.3364, 0.1593
67.3564, 1.7200
67.3764, 2.7544
67.3964, 1.3951
67.4164, 3.4006
67.4364, 1.7858
67.4564, 1.8186
67.4764, 1.7819
67.4964, 3.1372
67.5164, 1.3390
67.5364, 2.3797
67.5564, 2.2678
67.5765, 2.6707
67.5965, 3.8024
67.6165, 4.3012
67.6365, 6.1936
67.6565, 5.8939
67.6765, 7.1827
67.6965, 7.4103
67.7165, 9.0607
67.7365, 7.5368
67.7565, 7.4533
67.7765, 8.1563
67.7965, 6.5492
67.8165, 6.6761
67.8365, 7.7689
67.8565, 3.7343
67.8765, 5.6034
67.8965, 3.0785
67.9165, 4.5632
67.9366, 3.7465
67.9566, 3.6737
67.9766, 3.1095
67.9966, 3.3544
68.0166, 3.3614
68.0366, 4.6611
68.0566, 5.0861
68.0766, 6.0534
68.0966, 4.9564
68.1166, 6.7351
68.1366, 8.1201
68.1566, 7.7279
68.1766, 6.5227
68.1966, 8.5978
68.2166, 4.8855
68.2366, 4.7448
68.2566, 2.7607
68.2767, 3.2394
68.2967, 4.9471
68.3167, 2.4159
68.3367, 0.9699
68.3567, 3.1641
68.3767, 2.5472
68.3967, 2.9024
68.4167, 1.7251
68.4367, 0.9868
68.4567, 1.7929
68.4767, 2.5219
68.4967, 1.8917
68.5167, 2.3493
68.5367, 1.4252
68.5567, 2.3852
68.5767, 1.9577
68.5967, 1.2559
68.6167, 2.1003
68.6368, 1.5745
68.6568, 2.5767
68.6768, 2.8323
68.6968, 2.4613
68.7168, 0.3283
68.7368, 0.9974
68.7568, 1.3251
68.7768, 1.1656
68.7968, 1.4186
68.8168, 2.8843
68.8368, 2.6581
68.8568, 1.5374
68.8768, 2.5514
68.8968, 2.2889
68.9168, 1.9278
68.9368, 3.1069
68.9568, 1.3004
68.9769, 2.0133
68.9969, 0.9115
69.0169, 0.9593
69.0369, 0.6021
69.0569, 0.9764
69.0769, 2.0436
69.0969, 1.6586
69.1169, 1.6912
69.1369, 1.6619
69.1569, 3.7304
69.1769, 0.8253
69.1969, 0.7185
69.2169, 1.1166
69.2369, 1.8888
69.2569, 2.4745
69.2769, 2.5782
69.2969, 2.9037
69.3169, 1.8525
69.3370, 1.5649
69.3570, 3.5914
69.3770, 0.0000
69.3970, 2.0232
69.4170, 2.3899
69.4370, 3.8312
69.4570, 0.3028
69.4770, 1.5411
69.4970, 0.6052
69.5170, 0.1653
69.5370, 1.7564
69.5570, 2.7923
69.5770, 3.1646
69.5970, 1.4296
69.6170, 2.6260
69.6370, 1.7632
69.6570, 2.5162
69.6771, 3.1132
69.6971, 1.7667
69.7171, 3.0358
69.7371, 0.7496
69.7571, 2.6160
69.7771, 2.9926
69.7971, 2.8893
69.8171, 0.7775
69.8371, 1.7551
69.8571, 2.2623
69.8771, 2.4029
69.8971, 2.0763
69.9171, 3.3874
69.9371, 0.6671
69.9571, 1.7207
69.9771, 0.2756
69.9971, 2.5808
70.0171, 2.5143
70.0372, 5.3037
70.0572, 2.9853
70.0772, 2.2914
70.0972, 2.2151
70.1172, 1.6445
70.1372, 2.0909
70.1572, 2.2364
70.1772, 0.0000
70.1972, 2.1572
70.2172, 2.0614
70.2372, 3.7117
70.2572, 1.8291
70.2772, 1.1963
70.2972, 2.2287
70.3172, 2.0348
70.3372, 1.8302
70.3572, 0.6837
70.3773, 1.8048
70.3973, 1.3823
70.4173, 1.7445
70.4373, 2.6915
70.4573, 1.2872
70.4773, 1.7397
70.4973, 2.5009
70.5173, 1.6916
70.5373, 4.5655
70.5573, 2.2090
70.5773, 0.7207
70.5973, 1.1227
70.6173, 1.0222
70.6373, 1.1369
70.6573, 2.4967
70.6773, 0.8559
70.6973, 1.6299
70.7173, 3.1015
70.7374, 1.4417
70.7574, 2.6310
70.7774, 0.2804
70.7974, 1.5906
70.8174, 1.0761
70.8374, 2.2599
70.8574, 0.9275
70.8774, 4.0268
70.8974, 0.3239
70.9174, 3.0945
70.9374, 2.8374
70.9574, 2.2699
70.9774, 2.0149
70.9974, 3.8125
71.0174, 4.4275
71.0374, 1.7537
71.0574, 2.1181
71.0775, 1.4091
71.0975, 0.7932
71.1175, 2.4229
71.1375, 2.2098
71.1575, 0.3530
71.1775, 2.4158
71.1975, 2.2433
71.2175, 1.3603
71.2375, 1.2952
71.2575, 2.3837
71.2775, 3.5668
71.2975, 2.3583
71.3175, 2.7398
71.3375, 1.1298
71.3575, 1.5470
71.3775, 2.5676
71.3975, 0.6045
71.4175, 2.1674
71.4376, 2.4532
71.4576, 1.9221
71.4776, 2.2794
71.4976, 2.0183
71.5176, 1.3394
71.5376, 0.7844
71.5576, 1.8704
71.5776, 3.2629
71.5976, 2.9833
71.6176, 1.6158
71.6376, 1.5951
71.6576, 1.5216
71.6776, 1.5217
71.6976, 2.2479
71.7176, 3.0163
71.7376, 4.2197
71.7576, 1.1321
71.7777, 2.6107
71.7977, 2.5020
71.8177, 1.6314
71.8377, 0.9363
71.8577, 2.2355
71.8777, 4.0770
71.8977, 2.2292
71.9177, 1.1746
71.9377, 1.8036
71.9577, 0.8223
71.9777, 1.9791
71.9977, 2.6429
72.0177, 1.2691
72.0377, 0.0000
72.0577, 2.2370
72.0777, 1.4599
72.0977, 1.2112
72.1177, 1.2025
72.1378, 2.3602
72.1578, 1.5534
72.1778, 2.8895
72.1978, 2.9115
72.2178, 1.6904
72.2378, 1.4406
72.2578, 2.0881
72.2778, 1.8154
72.2978, 0.2110
72.3178, 3.8715
72.3378, 2.6737
72.3578, 1.4979
72.3778, 0.0474
72.3978, 1.7805
72.4178, 1.3736
72.4378, 1.9001
72.4578, 0.0000
72.4779, 1.4891
72.4979, 1.5499
72.5179, 1.7686
72.5379, 1.7248
72.5579, 2.0128
72.5779, 3.4793
72.5979, 1.4464
72.6179, 1.0509
72.6379, 0.2361
72.6579, 1.4503
72.6779, 0.5616
72.6979, 2.9191
72.7179, 1.8646
72.7379, 2.8985
72.7579, 3.4239
72.7779, 1.0970
72.7979, 1.6138
72.8179, 3.2901
72.8380, 2.1495
72.8580, 2.4812
72.8780, 2.9919
72.8980, 2.8556
72.9180, 2.3703
72.9380, 3.3547
72.9580, 1.8924
72.9780, 2.4792
72.9980, 1.7841
73.0180, 2.9795
73.0380, 1.2611
73.0580, 0.2807
73.0780, 2.6150
73.0980, 0.9435
73.1180, 0.8464
73.1380, 3.2305
73.1580, 2.9402
73.1781, 1.6484
73.1981, 0.0000
73.2181, 2.5963
73.2381, 2.8020
73.2581, 2.7758
73.2781, 2.9061
73.2981, 2.5009
73.3181, 2.5963
73.3381, 2.3036
73.3581, 3.1782
73.3781, 4.6989
73.3981, 5.2144
73.4181, 6.1100
73.4381, 4.2559
73.4581, 4.1937
73.4781, 5.4878
73.4981, 4.6896
73.5181, 5.5798
73.5382, 3.6580
73.5582, 5.6511
73.5782, 3.1460
73.5982, 5.0808
73.6182, 3.5988
73.6382, 1.6829
73.6582, 4.5676
73.6782, 2.5530
73.6982, 2.3250
73.7182, 2.0105
73.7382, 2.4900
73.7582, 2.5188
73.7782, 1.1140
73.7982, 1.7556
73.8182, 2.0799
73.8382, 2.5440
73.8582, 2.5600
73.8783, 2.1251
73.8983, 1.4113
73.9183, 1.3600
73.9383, 0.7711
73.9583, 2.5522
73.9783, 1.3456
73.9983, 1.7691
74.0183, 2.1979
74.0383, 1.9645
74.0583, 1.9550
74.0783, 1.0571
74.0983, 2.2290
74.1183, 1.6483
74.1383, 1.8743
74.1583, 3.1167
74.1783, 2.4651
74.1983, 1.3907
74.2183, 1.8119
74.2384, 3.5574
74.2584, 1.6537
74.2784, 2.0004
74.2984, 2.6236
74.3184, 2.1754
74.3384, 1.5884
74.3584, 1.2184
74.3784, 1.9505
74.3984, 2.6175
74.4184, 3.2793
74.4384, 0.4976
74.4584, 3.7205
74.4784, 1.6727
74.4984, 2.8839
74.5184, 1.2243
74.5384, 0.3524
74.5584, 0.6498
74.5785, 1.6302
74.5985, 2.4838
74.6185, 1.9917
74.6385, 1.7108
74.6585, 3.0768
74.6785, 1.9626
74.6985, 2.2399
74.7185, 5.0665
74.7385, 1.9526
74.7585, 1.2659
74.7785, 2.4408
74.7985, 2.6935
74.8185, 2.2611
74.8385, 2.1172
74.8585, 3.4404
74.8785, 3.3156
74.8985, 1.8437
74.9185, 1.3182
74.9386, 2.3891
74.9586, 1.3124
74.9786, 2.8443
74.9986, 2.3839
75.0186, 4.6262
75.0386, 3.4315
75.0586, 0.8836
75.0786, 1.4427
75.0986, 0.0498
75.1186, 0.0000
75.1386, 2.0742
75.1586, 0.7702
75.1786, 3.5991
75.1986, 3.1166
75.2186, 1.6895
75.2386, 1.6328
75.2586, 3.4435
75.2787, 3.6724
75.2987, 1.0295
75.3187, 0.9011
75.3387, 1.6600
75.3587, 2.3911
75.3787, 1.4478
75.3987, 2.4121
75.4187, 3.9077
75.4387, 0.5569
75.4587, 1.5156
75.4787, 0.5759
75.4987, 1.1254
75.5187, 1.6664
75.5387, 1.2346
75.5587, 2.4797
75.5787, 2.1113
75.5987, 2.2591
75.6187, 1.6544
75.6388, 1.7463
75.6588, 1.6105
75.6788, 1.7123
75.6988, 2.3789
75.7188, 0.0403
75.7388, 2.2481
75.7588, 1.0933
75.7788, 1.6223
75.7988, 0.4016
75.8188, 1.6025
75.8388, 2.2380
75.8588, 2.4169
75.8788, 0.7762
75.8988, 2.3688
75.9188, 3.0985
75.9388, 1.4677
75.9588, 1.9615
75.9789, 0.0000
75.9989, 1.0650
76.0189, 2.2307
76.0389, 2.9145
76.0589, 1.3623
76.0789, 4.6256
76.0989, 2.2740
76.1189, 0.6893
76.1389, 3.2457
76.1589, 0.7097
76.1789, 2.2885
76.1989, 1.0329
76.2189, 0.6054
76.2389, 2.9212
76.2589, 1.7012
76.2789, 3.6834
76.2989, 0.9443
76.3189, 0.4035
76.3390, 1.4817
76.3590, 4.8463
76.3790, 2.7931
76.3990, 2.5136
76.4190, 2.5466
76.4390, 1.4765
76.4590, 4.6855
76.4790, 2.4179
76.4990, 2.3243
76.5190, 2.9438
76.5390, 0.6894
76.5590, 1.0827
76.5790, 1.7155
76.5990, 2.9503
76.6190, 0.6647
76.6390, 1.8933
76.6590, 1.7521
76.6791, 0.3888
76.6991, 1.4525
76.7191, 2.5019
76.7391, 0.4798
76.7591, 3.3696
76.7791, 2.4279
76.7991, 2.3060
76.8191, 1.9688
76.8391, 0.8701
76.8591, 1.3120
76.8791, 2.3218
76.8991, 1.3100
76.9191, 2.1490
76.9391, 1.0632
76.9591, 2.4113
76.9791, 2.4858
76.9991, 0.3356
77.0191, 2.0278
77.0392, 0.4414
77.0592, 0.1026
77.0792, 1.3677
77.0992, 4.7529
77.1192, 2.7347
77.1392, 3.3504
77.1592, 2.5680
77.1792, 2.1657
77.1992, 2.8545
77.2192, 1.3221
77.2392, 2.4303
77.2592, 3.1358
77.2792, 2.6589
77.2992, 3.2013
77.3192, 2.1429
77.3392, 3.6499
77.3592, 1.7527
77.3793, 4.0748
77.3993, 2.5333
77.4193, 1.5773
77.4393, 0.7834
77.4593, 1.1539
77.4793, 1.0028
77.4993, 1.8720
77.5193, 0.6887
77.5393, 3.2512
77.5593, 2.0711
77.5793, 2.0306
77.5993, 0.7971
77.6193, 1.1928
77.6393, 0.0000
77.6593, 3.5757
77.6793, 0.5452
77.6993, 0.6209
77.7193, 3.3714
77.7394, 2.3475
77.7594, 2.0811
77.7794, 2.3003
77.7994, 2.9129
77.8194, 2.0603
77.8394, 0.4196
77.8594, 2.6926
77.8794, 2.3822
77.8994, 3.1302
77.9194, 0.7135
77.9394, 1.2324
77.9594, 2.3520
77.9794, 1.0176
77.9994, 0.0000
78.0194, 2.1576
78.0394, 2.8541
78.0594, 1.8319
78.0795, 2.5078
78.0995, 2.3633
78.1195, 1.9711
78.1395, 2.0963
78.1595, 3.3075
78.1795, 0.9979
78.1995, 2.7324
78.2195, 0.7817
78.2395, 1.1671
78.2595, 3.1545
78.2795, 0.7527
78.2995, 1.7194
78.3195, 4.3181
78.3395, 2.9845
78.3595, 1.2246
78.3795, 1.3957
78.3995, 1.7908
78.4195, 3.2704
78.4396, 0.9606
78.4596, 0.9002
78.4796, 2.6728
78.4996, 0.2822
78.5196, 1.0510
78.5396, 1.8756
78.5596, 1.9268
78.5796, 0.5982
78.5996, 2.3137
78.6196, 2.5134
78.6396, 1.2992
78.6596, 3.6186
78.6796, 2.2996
78.6996, 0.9574
78.7196, 3.5787
78.7396, 1.4381
78.7596, 2.1392
78.7797, 1.4746
78.7997, 2.5837
78.8197, 1.4799
78.8397, 1.5404
78.8597, 1.8009
78.8797, 1.4595
78.8997, 3.0306
78.9197, 0.7049
78.9397, 1.9235
78.9597, 2.0499
78.9797, 1.8362
78.9997, 2.9273
79.0197, 0.4591
79.0397, 2.5276
79.0597, 0.7177
79.0797, 1.4526
79.0997, 0.6151
79.1197, 1.6290
79.1398, 1.3833
79.1598, 3.5962
79.1798, 2.2016
79.1998, 2.3997
79.2198, 0.8549
79.2398, 2.6994
79.2598, 3.5961
79.2798, 2.8291
79.2998, 0.6507
79.3198, 1.4972
79.3398, 2.0689
79.3598, 1.3844
79.3798, 4.4894
79.3998, 1.4791
79.4198, 1.9173
79.4398, 1.3613
79.4598, 2.1919
79.4799, 3.3407
79.4999, 2.0753
79.5199, 1.7419
79.5399, 0.8884
79.5599, 3.1674
79.5799, 1.8171
79.5999, 1.7742
79.6199, 0.0000
79.6399, 1.8336
79.6599, 1.5601
79.6799, 0.1376
79.6999, 2.9486
79.7199, 1.4262
79.7399, 3.8530
79.7599, 3.3727
79.7799, 1.2419
79.7999, 3.3277
79.8199, 3.5685
79.8400, 1.4025
79.8600, 0.9296
79.8800, 0.0000
79.9000, 2.3404
79.9200, 0.9889
79.9400, 2.3704
79.9600, 1.3937
79.9800, 1.1821
80.0000, 1.4000
