##NAMES=Quartz Annealed Sample 05
##RRUFFID=SYN000005
##SOURCE=Synthetic — systematic FWHM broadening demo
##X-RAY WAVELENGTH=1.54056
##FWHM_NOMINAL=0.1600
##END=
10.0000, 1.7417
10.0200, 2.9633
10.0400, 4.0935
10.0600, 2.0943
10.0800, 1.9125
10.1000, 2.1686
10.1200, 1.2769
10.1400, 2.6654
10.1600, 2.3494
10.1801, 1.5086
10.2001, 2.7992
10.2201, 1.9375
10.2401, 0.9724
10.2601, 2.2620
10.2801, 2.1502
10.3001, 2.8561
10.3201, 2.7304
10.3401, 1.8124
10.3601, 1.4583
10.3801, 1.9206
10.4001, 2.2735
10.4201, 2.3910
10.4401, 2.2131
10.4601, 1.8304
10.4801, 2.8916
10.5001, 1.2610
10.5201, 4.3384
10.5402, 2.6636
10.5602, 0.8187
10.5802, 2.0997
10.6002, 2.6729
10.6202, 1.5780
10.6402, 0.4600
10.6602, 0.9050
10.6802, 2.4479
10.7002, 0.2068
10.7202, 0.5047
10.7402, 2.4428
10.7602, 1.7018
10.7802, 1.2400
10.8002, 1.4362
10.8202, 0.4837
10.8402, 2.3917
10.8602, 1.1319
10.8803, 1.3962
10.9003, 2.2573
10.9203, 1.6685
10.9403, 1.2313
10.9603, 0.0000
10.9803, 2.2775
11.0003, 1.9960
11.0203, 1.4141
11.0403, 0.9066
11.0603, 1.9314
11.0803, 2.3878
11.1003, 2.0143
11.1203, 3.5174
11.1403, 2.6067
11.1603, 1.8143
11.1803, 2.6394
11.2003, 1.9664
11.2203, 1.9630
11.2404, 3.1839
11.2604, 1.0426
11.2804, 1.9417
11.3004, 3.0799
11.3204, 2.2205
11.3404, 1.5588
11.3604, 0.2541
11.3804, 0.0000
11.4004, 3.9449
11.4204, 2.2200
11.4404, 1.3490
11.4604, 2.2599
11.4804, 0.9942
11.5004, 1.5958
11.5204, 1.0008
11.5404, 0.5399
11.5604, 0.0000
11.5805, 0.3599
11.6005, 2.9155
11.6205, 0.9559
11.6405, 2.4409
11.6605, 2.8524
11.6805, 1.9351
11.7005, 1.6276
11.7205, 2.0488
11.7405, 1.5124
11.7605, 3.0937
11.7805, 3.7501
11.8005, 3.3337
11.8205, 0.0000
11.8405, 1.4925
11.8605, 1.9230
11.8805, 2.3708
11.9005, 0.2334
11.9205, 0.2177
11.9406, 3.1941
11.9606, 1.3734
11.9806, 0.4675
12.0006, 0.8420
12.0206, 2.3000
12.0406, 1.1163
12.0606, 2.1547
12.0806, 0.9639
12.1006, 0.2169
12.1206, 3.3089
12.1406, 2.3075
12.1606, 1.5933
12.1806, 1.4102
12.2006, 3.3484
12.2206, 2.4962
12.2406, 3.0380
12.2606, 1.3494
12.2807, 1.9684
12.3007, 2.3114
12.3207, 1.3822
12.3407, 1.8257
12.3607, 1.3495
12.3807, 2.3084
12.4007, 0.6295
12.4207, 2.4771
12.4407, 2.2221
12.4607, 1.7206
12.4807, 2.3576
12.5007, 1.5628
12.5207, 1.2650
12.5407, 2.4495
12.5607, 2.4918
12.5807, 1.4239
12.6007, 1.3402
12.6207, 1.7404
12.6408, 1.3803
12.6608, 3.4072
12.6808, 2.2278
12.7008, 1.9332
12.7208, 1.0088
12.7408, 2.6401
12.7608, 1.3221
12.7808, 1.2820
12.8008, 2.6729
12.8208, 2.2969
12.8408, 0.0000
12.8608, 1.7650
12.8808, 2.0414
12.9008, 1.5876
12.9208, 2.0754
12.9408, 0.1530
12.9608, 0.0000
12.9809, 0.9671
13.0009, 2.1944
13.0209, 0.0000
13.0409, 1.0958
13.0609, 0.0427
13.0809, 1.6822
13.1009, 3.8295
13.1209, 1.7070
13.1409, 1.8140
13.1609, 2.7379
13.1809, 1.9397
13.2009, 1.7092
13.2209, 2.8232
13.2409, 2.3794
13.2609, 2.2006
13.2809, 1.7835
13.3009, 1.5813
13.3209, 2.8139
13.3410, 1.5906
13.3610, 3.1204
13.3810, 0.8971
13.4010, 3.3180
13.4210, 2.3796
13.4410, 0.9738
13.4610, 2.4156
13.4810, 1.2844
13.5010, 1.9516
13.5210, 1.4441
13.5410, 1.7892
13.5610, 2.8376
13.5810, 2.4249
13.6010, 0.8208
13.6210, 0.8767
13.6410, 2.1832
13.6610, 2.2538
13.6811, 1.2608
13.7011, 3.4718
13.7211, 2.7128
13.7411, 1.3085
13.7611, 1.2142
13.7811, 1.6966
13.8011, 1.5951
13.8211, 3.1447
13.8411, 2.8797
13.8611, 1.9532
13.8811, 2.5805
13.9011, 2.7220
13.9211, 1.9758
13.9411, 2.3118
13.9611, 2.4988
13.9811, 2.3948
14.0011, 1.1590
14.0211, 1.2576
14.0412, 1.6373
14.0612, 1.2294
14.0812, 0.4815
14.1012, 2.5785
14.1212, 2.2570
14.1412, 0.6120
14.1612, 1.6839
14.1812, 1.7391
14.2012, 2.0965
14.2212, 0.8632
14.2412, 0.5977
14.2612, 2.4261
14.2812, 0.4221
14.3012, 1.6919
14.3212, 1.6008
14.3412, 1.7986
14.3612, 2.1655
14.3813, 3.4788
14.4013, 0.3581
14.4213, 2.7743
14.4413, 0.0000
14.4613, 3.2789
14.4813, 0.0000
14.5013, 4.2964
14.5213, 1.5386
14.5413, 3.1781
14.5613, 2.9769
14.5813, 1.4930
14.6013, 1.5679
14.6213, 1.1020
14.6413, 2.6873
14.6613, 1.5057
14.6813, 1.1198
14.7013, 2.4432
14.7213, 1.0435
14.7414, 1.5979
14.7614, 2.0235
14.7814, 1.2921
14.8014, 1.4393
14.8214, 3.4168
14.8414, 1.7197
14.8614, 1.5680
14.8814, 1.7481
14.9014, 2.3624
14.9214, 0.9101
14.9414, 2.3358
14.9614, 2.1686
14.9814, 0.1736
15.0014, 3.6698
15.0214, 3.3444
15.0414, 1.1377
15.0614, 0.8237
15.0815, 2.1415
15.1015, 0.5276
15.1215, 3.2502
15.1415, 1.4618
15.1615, 3.5015
15.1815, 1.1145
15.2015, 1.8095
15.2215, 3.1555
15.2415, 1.6035
15.2615, 2.1845
15.2815, 2.9852
15.3015, 1.3763
15.3215, 0.6877
15.3415, 0.4955
15.3615, 2.4883
15.3815, 2.2983
15.4015, 2.9549
15.4215, 1.6515
15.4416, 0.5228
15.4616, 0.0000
15.4816, 4.7175
15.5016, 2.4331
15.5216, 2.0524
15.5416, 2.1908
15.5616, 0.5222
15.5816, 1.1433
15.6016, 3.6201
15.6216, 2.5614
15.6416, 1.1738
15.6616, 0.7218
15.6816, 1.4157
15.7016, 1.6111
15.7216, 3.9185
15.7416, 1.7352
15.7616, 0.7582
15.7817, 1.8618
15.8017, 2.1769
15.8217, 0.6694
15.8417, 2.3114
15.8617, 3.0986
15.8817, 2.0543
15.9017, 1.1412
15.9217, 1.4029
15.9417, 0.3002
15.9617, 1.7883
15.9817, 2.2222
16.0017, 1.0440
16.0217, 3.8117
16.0417, 2.6921
16.0617, 0.1695
16.0817, 0.1896
16.1017, 0.9587
16.1217, 3.4541
16.1418, 2.7883
16.1618, 3.5034
16.1818, 1.9289
16.2018, 1.7145
16.2218, 0.7016
16.2418, 2.2602
16.2618, 1.7275
16.2818, 1.6900
16.3018, 3.4979
16.3218, 1.7957
16.3418, 3.2177
16.3618, 0.3693
16.3818, 4.5420
16.4018, 1.5547
16.4218, 2.6090
16.4418, 2.7643
16.4618, 1.4336
16.4819, 2.7182
16.5019, 2.7689
16.5219, 1.2231
16.5419, 1.2346
16.5619, 1.9632
16.5819, 1.8062
16.6019, 3.2784
16.6219, 2.6046
16.6419, 1.8502
16.6619, 2.5104
16.6819, 0.0000
16.7019, 1.3185
16.7219, 2.1998
16.7419, 3.0073
16.7619, 2.1139
16.7819, 3.3419
16.8019, 2.7659
16.8219, 1.4424
16.8420, 1.7823
16.8620, 2.3175
16.8820, 1.4812
16.9020, 3.4132
16.9220, 0.8370
16.9420, 2.2274
16.9620, 2.6366
16.9820, 1.6131
17.0020, 1.3932
17.0220, 1.8447
17.0420, 2.7113
17.0620, 1.4312
17.0820, 0.8759
17.1020, 3.0417
17.1220, 2.3086
17.1420, 2.9024
17.1620, 2.6599
17.1821, 4.0461
17.2021, 3.0069
17.2221, 1.2124
17.2421, 2.3778
17.2621, 1.3749
17.2821, 1.4758
17.3021, 0.5406
17.3221, 1.6398
17.3421, 2.4508
17.3621, 1.8545
17.3821, 0.8462
17.4021, 0.4328
17.4221, 3.9797
17.4421, 2.2362
17.4621, 1.1148
17.4821, 2.3696
17.5021, 4.0552
17.5221, 2.5244
17.5422, 0.0000
17.5622, 4.5071
17.5822, 0.1144
17.6022, 1.7179
17.6222, 0.8130
17.6422, 1.1968
17.6622, 2.1965
17.6822, 0.0000
17.7022, 1.8309
17.7222, 3.0385
17.7422, 1.0961
17.7622, 0.5623
17.7822, 1.7830
17.8022, 1.5888
17.8222, 1.3381
17.8422, 0.7593
17.8622, 2.4256
17.8823, 2.4998
17.9023, 0.8791
17.9223, 1.0141
17.9423, 2.0521
17.9623, 0.9773
17.9823, 2.0933
18.0023, 3.3515
18.0223, 1.8606
18.0423, 0.7347
18.0623, 2.3016
18.0823, 1.7456
18.1023, 1.7724
18.1223, 2.3828
18.1423, 2.5933
18.1623, 1.9536
18.1823, 1.8597
18.2023, 3.9326
18.2223, 3.0905
18.2424, 2.7323
18.2624, 2.0470
18.2824, 0.9375
18.3024, 3.0191
18.3224, 2.0597
18.3424, 1.3557
18.3624, 1.6817
18.3824, 0.9761
18.4024, 2.9507
18.4224, 2.5855
18.4424, 2.0962
18.4624, 1.8772
18.4824, 1.2547
18.5024, 0.0000
18.5224, 0.5402
18.5424, 1.1943
18.5624, 1.0476
18.5825, 2.2013
18.6025, 2.7108
18.6225, 1.7936
18.6425, 3.2938
18.6625, 1.1550
18.6825, 1.7867
18.7025, 1.8692
18.7225, 2.9847
18.7425, 2.0223
18.7625, 2.0493
18.7825, 0.3041
18.8025, 1.0408
18.8225, 2.9884
18.8425, 0.0000
18.8625, 3.2294
18.8825, 2.4065
18.9025, 1.1895
18.9225, 1.1070
18.9426, 3.7690
18.9626, 3.2962
18.9826, 1.8024
19.0026, 2.0503
19.0226, 1.2884
19.0426, 2.0505
19.0626, 1.2613
19.0826, 1.8423
19.1026, 3.6855
19.1226, 1.8256
19.1426, 0.8963
19.1626, 0.5856
19.1826, 2.0430
19.2026, 1.1765
19.2226, 2.1596
19.2426, 0.3386
19.2626, 2.5925
19.2827, 0.8844
19.3027, 1.9641
19.3227, 1.5888
19.3427, 3.5958
19.3627, 2.0863
19.3827, 3.8174
19.4027, 2.4661
19.4227, 3.3099
19.4427, 1.7152
19.4627, 2.2561
19.4827, 3.1081
19.5027, 2.8020
19.5227, 2.4371
19.5427, 1.5989
19.5627, 1.7640
19.5827, 3.0291
19.6027, 3.2323
19.6227, 1.3404
19.6428, 1.1932
19.6628, 1.0367
19.6828, 2.7286
19.7028, 1.0120
19.7228, 2.7168
19.7428, 2.4514
19.7628, 1.3870
19.7828, 3.4450
19.8028, 0.4921
19.8228, 3.5383
19.8428, 2.2301
19.8628, 0.0000
19.8828, 3.4723
19.9028, 2.8676
19.9228, 1.5011
19.9428, 0.9776
19.9628, 0.3878
19.9829, 4.2760
20.0029, 1.0179
20.0229, 0.6859
20.0429, 2.1804
20.0629, 0.3207
20.0829, 0.9611
20.1029, 2.8898
20.1229, 2.3719
20.1429, 1.5419
20.1629, 1.9368
20.1829, 1.4872
20.2029, 1.8584
20.2229, 1.1756
20.2429, 1.3527
20.2629, 1.3230
20.2829, 1.2106
20.3029, 2.9376
20.3229, 2.6704
20.3430, 1.0091
20.3630, 0.7534
20.3830, 1.7655
20.4030, 4.0221
20.4230, 0.9161
20.4430, 1.7616
20.4630, 2.0055
20.4830, 1.8129
20.5030, 1.4718
20.5230, 3.0462
20.5430, 2.3627
20.5630, 2.7454
20.5830, 2.4981
20.6030, 2.8040
20.6230, 3.5023
20.6430, 3.3174
20.6630, 4.4318
20.6831, 3.6561
20.7031, 2.3980
20.7231, 4.8862
20.7431, 6.3223
20.7631, 9.6895
20.7831, 9.5692
20.8031, 13.9483
20.8231, 15.3281
20.8431, 18.2332
20.8631, 18.0034
20.8831, 17.7812
20.9031, 13.8794
20.9231, 13.2875
20.9431, 9.8374
20.9631, 7.2221
20.9831, 6.9791
21.0031, 3.3188
21.0231, 3.1660
21.0432, 2.4480
21.0632, 2.2989
21.0832, 4.1611
21.1032, 2.0082
21.1232, 1.3744
21.1432, 3.7473
21.1632, 1.6195
21.1832, 0.3528
21.2032, 1.1961
21.2232, 0.7025
21.2432, 0.1625
21.2632, 1.5647
21.2832, 1.8504
21.3032, 3.0709
21.3232, 2.5331
21.3432, 2.4887
21.3632, 1.0473
21.3833, 2.7825
21.4033, 3.2765
21.4233, 2.3040
21.4433, 2.3312
21.4633, 0.6848
21.4833, 2.9479
21.5033, 3.6567
21.5233, 2.2341
21.5433, 1.3390
21.5633, 1.7609
21.5833, 1.5087
21.6033, 1.5672
21.6233, 2.5513
21.6433, 2.1916
21.6633, 2.8986
21.6833, 2.2809
21.7033, 1.0758
21.7233, 1.4304
21.7434, 1.3697
21.7634, 1.7370
21.7834, 3.6702
21.8034, 3.8266
21.8234, 2.7353
21.8434, 2.0348
21.8634, 0.5902
21.8834, 2.1336
21.9034, 1.1480
21.9234, 3.5100
21.9434, 0.3517
21.9634, 2.2941
21.9834, 1.0659
22.0034, 1.9097
22.0234, 2.5689
22.0434, 2.9162
22.0634, 1.8597
22.0835, 2.6617
22.1035, 1.2725
22.1235, 2.1585
22.1435, 2.8969
22.1635, 2.2430
22.1835, 1.4024
22.2035, 1.6467
22.2235, 2.9100
22.2435, 0.8535
22.2635, 0.9975
22.2835, 2.5060
22.3035, 1.4904
22.3235, 0.5010
22.3435, 3.2371
22.3635, 0.8459
22.3835, 1.7243
22.4035, 1.3144
22.4235, 1.6285
22.4436, 1.0557
22.4636, 2.6159
22.4836, 2.0271
22.5036, 2.8788
22.5236, 1.3245
22.5436, 4.0004
22.5636, 0.0604
22.5836, 0.3722
22.6036, 3.6296
22.6236, 2.3815
22.6436, 2.2521
22.6636, 2.3398
22.6836, 2.4763
22.7036, 2.2115
22.7236, 0.9764
22.7436, 2.7173
22.7636, 2.5636
22.7837, 3.3128
22.8037, 3.6405
22.8237, 2.2414
22.8437, 0.7211
22.8637, 3.6486
22.8837, 0.9254
22.9037, 2.2487
22.9237, 1.6684
22.9437, 1.4987
22.9637, 2.6648
22.9837, 2.1575
23.0037, 2.4198
23.0237, 1.1230
23.0437, 1.7491
23.0637, 1.1680
23.0837, 1.7247
23.1037, 1.8031
23.1237, 3.7186
23.1438, 1.6658
23.1638, 0.0000
23.1838, 3.2803
23.2038, 2.3573
23.2238, 1.7911
23.2438, 1.4923
23.2638, 0.9949
23.2838, 3.8101
23.3038, 1.9695
23.3238, 0.2232
23.3438, 2.2388
23.3638, 3.0959
23.3838, 2.0716
23.4038, 1.0392
23.4238, 0.9518
23.4438, 1.0238
23.4638, 3.4038
23.4839, 1.8490
23.5039, 0.2808
23.5239, 2.2938
23.5439, 2.0566
23.5639, 1.4809
23.5839, 0.9232
23.6039, 0.8808
23.6239, 2.9793
23.6439, 2.1605
23.6639, 2.3860
23.6839, 2.1578
23.7039, 2.2387
23.7239, 1.4619
23.7439, 1.7181
23.7639, 3.0557
23.7839, 3.2993
23.8039, 0.7264
23.8239, 1.7157
23.8440, 2.7379
23.8640, 3.7555
23.8840, 3.6578
23.9040, 1.1424
23.9240, 3.1631
23.9440, 1.9762
23.9640, 2.9381
23.9840, 2.6882
24.0040, 0.6856
24.0240, 2.4556
24.0440, 2.9003
24.0640, 1.8993
24.0840, 1.6786
24.1040, 0.3853
24.1240, 2.5860
24.1440, 2.1226
24.1640, 1.0191
24.1841, 1.6010
24.2041, 2.0697
24.2241, 1.3738
24.2441, 1.9216
24.2641, 0.2113
24.2841, 3.2357
24.3041, 1.9345
24.3241, 0.8462
24.3441, 0.0000
24.3641, 2.9232
24.3841, 2.4635
24.4041, 2.1245
24.4241, 2.7617
24.4441, 2.7590
24.4641, 2.1087
24.4841, 1.6709
24.5041, 1.5119
24.5241, 2.3297
24.5442, 3.2822
24.5642, 1.8185
24.5842, 3.3597
24.6042, 2.2831
24.6242, 2.2904
24.6442, 4.2659
24.6642, 3.5316
24.6842, 3.5569
24.7042, 1.1406
24.7242, 4.0581
24.7442, 1.8387
24.7642, 1.6970
24.7842, 0.0000
24.8042, 2.2373
24.8242, 0.8618
24.8442, 2.3173
24.8642, 0.7855
24.8843, 3.6732
24.9043, 2.4572
24.9243, 4.1437
24.9443, 0.9207
24.9643, 3.4306
24.9843, 0.1598
25.0043, 2.1220
25.0243, 1.3026
25.0443, 1.4818
25.0643, 1.4149
25.0843, 1.0264
25.1043, 0.6897
25.1243, 1.4872
25.1443, 2.0322
25.1643, 3.0545
25.1843, 2.2072
25.2043, 3.0573
25.2243, 0.4765
25.2444, 1.4965
25.2644, 2.6127
25.2844, 2.2538
25.3044, 1.0786
25.3244, 2.8304
25.3444, 1.4005
25.3644, 1.1604
25.3844, 2.3941
25.4044, 1.9250
25.4244, 1.4087
25.4444, 1.3755
25.4644, 0.8750
25.4844, 1.5328
25.5044, 2.9923
25.5244, 2.1576
25.5444, 2.8543
25.5644, 2.4225
25.5845, 1.3215
25.6045, 0.3097
25.6245, 1.0145
25.6445, 1.2639
25.6645, 1.1885
25.6845, 2.8762
25.7045, 2.8661
25.7245, 4.0773
25.7445, 1.1737
25.7645, 3.4777
25.7845, 3.4717
25.8045, 1.6923
25.8245, 2.3810
25.8445, 3.1297
25.8645, 1.8614
25.8845, 1.7859
25.9045, 1.3068
25.9245, 0.0000
25.9446, 1.9877
25.9646, 1.2262
25.9846, 0.8696
26.0046, 2.3309
26.0246, 0.5027
26.0446, 2.7055
26.0646, 2.3908
26.0846, 1.5284
26.1046, 1.8572
26.1246, 0.7575
26.1446, 2.6511
26.1646, 2.1018
26.1846, 2.1745
26.2046, 2.4087
26.2246, 1.2921
26.2446, 0.4366
26.2646, 2.8531
26.2847, 2.5911
26.3047, 1.3968
26.3247, 2.3192
26.3447, 3.1504
26.3647, 3.0443
26.3847, 1.4149
26.4047, 0.6080
26.4247, 1.0266
26.4447, 2.6138
26.4647, 5.6745
26.4847, 6.1854
26.5047, 11.0922
26.5247, 18.8488
26.5447, 30.2916
26.5647, 45.5660
26.5847, 61.1631
26.6047, 79.8371
26.6247, 91.3233
26.6448, 100.0000
26.6648, 94.4833
26.6848, 87.6445
26.7048, 72.6071
26.7248, 53.8797
26.7448, 37.7967
26.7648, 24.0483
26.7848, 14.4406
26.8048, 9.0783
26.8248, 5.4447
26.8448, 1.9292
26.8648, 4.8049
26.8848, 1.9103
26.9048, 2.0676
26.9248, 1.3347
26.9448, 1.6662
26.9648, 1.5718
26.9849, 1.9166
27.0049, 1.9048
27.0249, 2.7044
27.0449, 2.1407
27.0649, 2.6062
27.0849, 1.9094
27.1049, 2.1446
27.1249, 1.6835
27.1449, 2.8978
27.1649, 2.2338
27.1849, 1.7647
27.2049, 1.7356
27.2249, 1.8123
27.2449, 1.9487
27.2649, 1.8639
27.2849, 1.3736
27.3049, 2.6653
27.3249, 2.7270
27.3450, 3.6596
27.3650, 1.3299
27.3850, 2.5693
27.4050, 0.0560
27.4250, 2.7279
27.4450, 0.4976
27.4650, 0.9584
27.4850, 2.2431
27.5050, 1.3125
27.5250, 1.1789
27.5450, 1.4459
27.5650, 2.6309
27.5850, 1.0086
27.6050, 1.8661
27.6250, 1.5494
27.6450, 2.7190
27.6650, 2.7464
27.6851, 0.1281
27.7051, 2.9388
27.7251, 1.3230
27.7451, 2.1495
27.7651, 1.0028
27.7851, 2.2811
27.8051, 4.4086
27.8251, 2.0430
27.8451, 1.4702
27.8651, 1.6924
27.8851, 0.4855
27.9051, 3.3329
27.9251, 2.2243
27.9451, 0.8954
27.9651, 0.9272
27.9851, 1.9339
28.0051, 2.8284
28.0252, 0.7958
28.0452, 3.0054
28.0652, 1.8295
28.0852, 1.0112
28.1052, 1.4626
28.1252, 3.6252
28.1452, 0.5643
28.1652, 1.2048
28.1852, 2.8485
28.2052, 2.1302
28.2252, 1.1468
28.2452, 2.8604
28.2652, 2.9068
28.2852, 2.2423
28.3052, 1.3214
28.3252, 1.4717
28.3452, 2.1967
28.3652, 0.6388
28.3853, 3.2146
28.4053, 3.5780
28.4253, 1.6887
28.4453, 2.2664
28.4653, 3.0761
28.4853, 3.8272
28.5053, 3.4383
28.5253, 0.2254
28.5453, 1.6110
28.5653, 2.4075
28.5853, 1.4367
28.6053, 3.6586
28.6253, 3.5089
28.6453, 1.1228
28.6653, 1.7605
28.6853, 1.1875
28.7053, 1.7285
28.7254, 1.6990
28.7454, 2.8501
28.7654, 1.0520
28.7854, 0.0000
28.8054, 0.3532
28.8254, 0.9155
28.8454, 1.2791
28.8654, 2.1016
28.8854, 0.8653
28.9054, 0.7371
28.9254, 1.0120
28.9454, 0.8303
28.9654, 1.3779
28.9854, 1.3361
29.0054, 2.5913
29.0254, 0.9534
29.0454, 1.5700
29.0654, 1.3871
29.0855, 2.7083
29.1055, 1.7684
29.1255, 2.9442
29.1455, 0.7945
29.1655, 1.8708
29.1855, 1.3570
29.2055, 0.7226
29.2255, 1.8531
29.2455, 3.6100
29.2655, 1.0867
29.2855, 1.7946
29.3055, 0.6385
29.3255, 0.4950
29.3455, 1.1507
29.3655, 1.4798
29.3855, 1.5232
29.4055, 1.6984
29.4256, 0.3105
29.4456, 1.3081
29.4656, 2.4086
29.4856, 0.5936
29.5056, 1.5724
29.5256, 2.2047
29.5456, 1.1556
29.5656, 2.2522
29.5856, 0.4346
29.6056, 2.7859
29.6256, 2.2759
29.6456, 1.9733
29.6656, 3.0166
29.6856, 1.5976
29.7056, 1.3160
29.7256, 3.2583
29.7456, 3.7152
29.7656, 1.2423
29.7857, 1.8080
29.8057, 2.9387
29.8257, 1.8427
29.8457, 2.4991
29.8657, 2.6805
29.8857, 1.3702
29.9057, 2.3281
29.9257, 1.9129
29.9457, 0.7315
29.9657, 0.9532
29.9857, 1.2823
30.0057, 2.8250
30.0257, 2.8570
30.0457, 2.6507
30.0657, 2.3484
30.0857, 2.3218
30.1057, 2.1898
30.1258, 2.3167
30.1458, 2.3828
30.1658, 0.5485
30.1858, 1.1478
30.2058, 0.9149
30.2258, 2.9993
30.2458, 3.5330
30.2658, 0.0000
30.2858, 3.4459
30.3058, 2.0036
30.3258, 2.9072
30.3458, 2.4132
30.3658, 3.3245
30.3858, 2.1236
30.4058, 0.5885
30.4258, 1.8158
30.4458, 2.4221
30.4658, 1.7082
30.4859, 2.5608
30.5059, 1.8548
30.5259, 1.3378
30.5459, 0.8592
30.5659, 1.5366
30.5859, 2.1186
30.6059, 0.0070
30.6259, 1.1577
30.6459, 0.0000
30.6659, 1.3168
30.6859, 3.0873
30.7059, 0.7615
30.7259, 2.6051
30.7459, 4.6989
30.7659, 3.3373
30.7859, 2.0492
30.8059, 2.7566
30.8260, 0.5824
30.8460, 0.3836
30.8660, 1.9469
30.8860, 2.3079
30.9060, 2.9869
30.9260, 1.3639
30.9460, 2.1077
30.9660, 2.0742
30.9860, 1.7907
31.0060, 1.8482
31.0260, 1.0849
31.0460, 2.1919
31.0660, 2.1093
31.0860, 1.4896
31.1060, 2.5686
31.1260, 2.9219
31.1460, 2.5799
31.1660, 0.9017
31.1861, 2.0162
31.2061, 1.0296
31.2261, 2.0132
31.2461, 1.0334
31.2661, 3.1652
31.2861, 2.6833
31.3061, 3.0440
31.3261, 2.9452
31.3461, 1.6549
31.3661, 1.5036
31.3861, 3.6185
31.4061, 1.7578
31.4261, 0.5971
31.4461, 2.9020
31.4661, 2.0592
31.4861, 3.3885
31.5061, 2.1560
31.5262, 1.8994
31.5462, 3.4081
31.5662, 0.4177
31.5862, 1.3477
31.6062, 1.0530
31.6262, 0.0000
31.6462, 2.7710
31.6662, 1.3750
31.6862, 2.8024
31.7062, 2.2986
31.7262, 2.5114
31.7462, 1.4746
31.7662, 1.1732
31.7862, 2.0065
31.8062, 2.8159
31.8262, 1.8698
31.8462, 1.2340
31.8662, 0.7489
31.8863, 2.1182
31.9063, 1.3783
31.9263, 1.8489
31.9463, 1.6859
31.9663, 1.4853
31.9863, 2.2056
32.0063, 2.4600
32.0263, 3.8367
32.0463, 2.6586
32.0663, 3.4741
32.0863, 1.1201
32.1063, 0.3567
32.1263, 1.9049
32.1463, 2.7562
32.1663, 2.6031
32.1863, 3.1010
32.2063, 0.0000
32.2264, 3.1416
32.2464, 2.2463
32.2664, 0.4123
32.2864, 2.6250
32.3064, 2.0843
32.3264, 2.2910
32.3464, 2.8939
32.3664, 2.3388
32.3864, 0.4818
32.4064, 1.7794
32.4264, 0.3404
32.4464, 2.5523
32.4664, 3.2831
32.4864, 0.7075
32.5064, 1.2637
32.5264, 1.0579
32.5464, 1.4760
32.5664, 2.3214
32.5865, 1.4866
32.6065, 2.5557
32.6265, 2.9586
32.6465, 2.9941
32.6665, 0.8278
32.6865, 3.2713
32.7065, 3.3496
32.7265, 3.4341
32.7465, 1.7649
32.7665, 1.1853
32.7865, 0.9585
32.8065, 0.8438
32.8265, 1.9304
32.8465, 2.7463
32.8665, 3.1939
32.8865, 1.4451
32.9065, 1.8812
32.9266, 1.8173
32.9466, 1.2990
32.9666, 2.6369
32.9866, 2.2730
33.0066, 2.0573
33.0266, 2.2686
33.0466, 2.5195
33.0666, 2.5097
33.0866, 1.1007
33.1066, 2.7936
33.1266, 2.1681
33.1466, 1.4948
33.1666, 2.1475
33.1866, 2.2551
33.2066, 2.9746
33.2266, 0.8981
33.2466, 3.2119
33.2666, 1.9416
33.2867, 1.4250
33.3067, 1.3952
33.3267, 0.9418
33.3467, 0.2201
33.3667, 2.5800
33.3867, 3.8519
33.4067, 0.3405
33.4267, 0.9915
33.4467, 2.6523
33.4667, 1.8744
33.4867, 2.7332
33.5067, 1.8197
33.5267, 1.3524
33.5467, 1.6986
33.5667, 0.0000
33.5867, 0.8031
33.6067, 2.8443
33.6268, 3.0820
33.6468, 3.2911
33.6668, 2.3491
33.6868, 0.0000
33.7068, 1.2993
33.7268, 3.2116
33.7468, 3.5027
33.7668, 3.2486
33.7868, 1.6884
33.8068, 0.6440
33.8268, 1.8793
33.8468, 1.9334
33.8668, 3.4466
33.8868, 2.1412
33.9068, 1.9352
33.9268, 1.9907
33.9468, 2.3091
33.9668, 2.5302
33.9869, 1.2119
34.0069, 0.8869
34.0269, 3.2563
34.0469, 0.3176
34.0669, 3.5171
34.0869, 0.0545
34.1069, 1.3485
34.1269, 2.8673
34.1469, 1.9193
34.1669, 0.6343
34.1869, 2.3351
34.2069, 1.9843
34.2269, 1.7081
34.2469, 1.3101
34.2669, 1.8852
34.2869, 1.3511
34.3069, 4.2946
34.3270, 1.6847
34.3470, 1.5542
34.3670, 1.3904
34.3870, 3.6529
34.4070, 0.3195
34.4270, 2.2697
34.4470, 1.6854
34.4670, 0.5300
34.4870, 1.1197
34.5070, 2.2282
34.5270, 1.0755
34.5470, 2.1722
34.5670, 3.6063
34.5870, 2.0854
34.6070, 0.5006
34.6270, 1.0926
34.6470, 1.6404
34.6670, 1.5752
34.6871, 2.0673
34.7071, 2.2238
34.7271, 3.6076
34.7471, 1.9153
34.7671, 0.7946
34.7871, 3.0448
34.8071, 3.1514
34.8271, 2.1458
34.8471, 1.6785
34.8671, 2.5264
34.8871, 1.7130
34.9071, 0.0000
34.9271, 2.4688
34.9471, 2.7896
34.9671, 3.3252
34.9871, 1.2059
35.0071, 2.1396
35.0272, 2.1608
35.0472, 2.0023
35.0672, 2.0310
35.0872, 1.9552
35.1072, 2.1256
35.1272, 2.6417
35.1472, 3.1097
35.1672, 1.1809
35.1872, 1.7508
35.2072, 1.5066
35.2272, 1.3670
35.2472, 0.3420
35.2672, 1.9426
35.2872, 2.3867
35.3072, 1.7676
35.3272, 1.9102
35.3472, 2.3273
35.3672, 3.2959
35.3873, 1.5093
35.4073, 0.7757
35.4273, 1.8307
35.4473, 3.7569
35.4673, 0.7861
35.4873, 2.5534
35.5073, 3.0488
35.5273, 0.0000
35.5473, 2.3192
35.5673, 2.5078
35.5873, 1.6581
35.6073, 1.2881
35.6273, 1.3426
35.6473, 1.5983
35.6673, 1.6242
35.6873, 1.4400
35.7073, 1.5828
35.7274, 3.0809
35.7474, 0.7339
35.7674, 0.2122
35.7874, 3.0965
35.8074, 1.7316
35.8274, 1.5401
35.8474, 1.8104
35.8674, 2.1232
35.8874, 1.4076
35.9074, 2.4126
35.9274, 0.9800
35.9474, 1.6244
35.9674, 0.0000
35.9874, 3.0628
36.0074, 1.7471
36.0274, 2.5728
36.0474, 2.3840
36.0674, 2.4555
36.0875, 1.9114
36.1075, 2.2978
36.1275, 0.9809
36.1475, 0.7761
36.1675, 1.8203
36.1875, 1.2556
36.2075, 3.3100
36.2275, 2.2852
36.2475, 1.2205
36.2675, 1.6564
36.2875, 2.0564
36.3075, 1.8746
36.3275, 2.2419
36.3475, 2.1248
36.3675, 0.8682
36.3875, 0.4393
36.4075, 2.7023
36.4276, 4.4174
36.4476, 4.6074
36.4676, 7.4739
36.4876, 7.5724
36.5076, 10.0929
36.5276, 10.5916
36.5476, 10.5729
36.5676, 7.8129
36.5876, 7.9414
36.6076, 7.7913
36.6276, 5.5276
36.6476, 4.6498
36.6676, 1.8801
36.6876, 4.5159
36.7076, 1.5127
36.7276, 0.1423
36.7476, 1.6483
36.7676, 0.0000
36.7877, 0.8701
36.8077, 4.4188
36.8277, 1.5491
36.8477, 0.5260
36.8677, 1.9437
36.8877, 1.0429
36.9077, 2.7626
36.9277, 1.0509
36.9477, 2.1831
36.9677, 0.7996
36.9877, 4.4551
37.0077, 2.4104
37.0277, 1.7770
37.0477, 1.6331
37.0677, 1.3787
37.0877, 1.1764
37.1077, 1.1496
37.1278, 3.5567
37.1478, 1.3797
37.1678, 0.0000
37.1878, 0.7812
37.2078, 2.8242
37.2278, 1.6727
37.2478, 1.7881
37.2678, 3.0605
37.2878, 1.1606
37.3078, 2.5361
37.3278, 1.2672
37.3478, 2.4809
37.3678, 1.5373
37.3878, 1.6832
37.4078, 2.7192
37.4278, 2.6489
37.4478, 1.7575
37.4678, 1.4587
37.4879, 3.4794
37.5079, 2.4940
37.5279, 1.5373
37.5479, 1.2817
37.5679, 2.9190
37.5879, 2.0316
37.6079, 1.7593
37.6279, 2.0311
37.6479, 2.2486
37.6679, 1.8636
37.6879, 3.0935
37.7079, 3.1478
37.7279, 2.4380
37.7479, 3.2604
37.7679, 1.9272
37.7879, 2.5926
37.8079, 2.8991
37.8280, 2.9133
37.8480, 2.8128
37.8680, 2.5349
37.8880, 3.8287
37.9080, 1.3923
37.9280, 1.7675
37.9480, 1.7096
37.9680, 1.5598
37.9880, 0.0000
38.0080, 3.2605
38.0280, 0.9177
38.0480, 2.0847
38.0680, 0.5315
38.0880, 2.5246
38.1080, 1.1525
38.1280, 0.8105
38.1480, 2.1086
38.1680, 1.2352
38.1881, 1.3587
38.2081, 2.0866
38.2281, 2.6996
38.2481, 1.1203
38.2681, 0.9517
38.2881, 1.9419
38.3081, 2.4452
38.3281, 3.3463
38.3481, 0.8735
38.3681, 1.6087
38.3881, 3.0663
38.4081, 3.8443
38.4281, 0.9499
38.4481, 1.1980
38.4681, 2.2908
38.4881, 1.3552
38.5081, 1.1781
38.5282, 2.1575
38.5482, 3.4309
38.5682, 0.6411
38.5882, 3.3810
38.6082, 1.3581
38.6282, 2.2564
38.6482, 3.4713
38.6682, 2.2364
38.6882, 1.6287
38.7082, 2.6197
38.7282, 1.7500
38.7482, 2.4277
38.7682, 1.7192
38.7882, 2.7593
38.8082, 0.5584
38.8282, 0.9299
38.8482, 0.5441
38.8682, 1.8639
38.8883, 0.4264
38.9083, 1.2439
38.9283, 0.8382
38.9483, 3.3628
38.9683, 0.9522
38.9883, 0.6635
39.0083, 2.1613
39.0283, 3.5650
39.0483, 1.8057
39.0683, 1.8812
39.0883, 3.1785
39.1083, 2.7759
39.1283, 2.3341
39.1483, 1.3508
39.1683, 2.3642
39.1883, 0.5923
39.2083, 1.3144
39.2284, 3.3278
39.2484, 3.2223
39.2684, 2.4280
39.2884, 0.2248
39.3084, 1.1366
39.3284, 2.0211
39.3484, 3.1049
39.3684, 2.8942
39.3884, 4.9439
39.4084, 8.0966
39.4284, 7.8789
39.4484, 8.5183
39.4684, 7.6405
39.4884, 6.7935
39.5084, 6.4440
39.5284, 4.9201
39.5484, 5.4413
39.5684, 4.6446
39.5885, 2.4465
39.6085, 2.9055
39.6285, 3.7950
39.6485, 4.0426
39.6685, 2.7650
39.6885, 1.7865
39.7085, 2.6534
39.7285, 3.2429
39.7485, 0.0000
39.7685, 3.3656
39.7885, 1.3876
39.8085, 1.3970
39.8285, 1.5726
39.8485, 2.2313
39.8685, 0.8346
39.8885, 1.6410
39.9085, 2.4315
39.9286, 2.1322
39.9486, 2.2906
39.9686, 1.6029
39.9886, 2.5962
40.0086, 2.9509
40.0286, 2.8948
40.0486, 2.3467
40.0686, 2.8636
40.0886, 2.8401
40.1086, 4.6938
40.1286, 3.4503
40.1486, 2.4930
40.1686, 2.1967
40.1886, 3.5556
40.2086, 4.4056
40.2286, 6.2469
40.2486, 6.0190
40.2686, 8.5618
40.2887, 6.3187
40.3087, 5.8697
40.3287, 6.6834
40.3487, 5.0621
40.3687, 3.6358
40.3887, 3.3024
40.4087, 2.4279
40.4287, 2.6457
40.4487, 1.6898
40.4687, 1.5740
40.4887, 1.9942
40.5087, 2.9410
40.5287, 3.3661
40.5487, 2.0672
40.5687, 2.1403
40.5887, 1.7406
40.6087, 2.3886
40.6288, 2.2997
40.6488, 3.2127
40.6688, 0.0759
40.6888, 1.6901
40.7088, 2.2499
40.7288, 1.8933
40.7488, 1.0025
40.7688, 0.6510
40.7888, 2.7058
40.8088, 1.1803
40.8288, 0.2065
40.8488, 2.7548
40.8688, 2.3668
40.8888, 1.8059
40.9088, 1.0265
40.9288, 1.8082
40.9488, 3.1051
40.9688, 0.3433
40.9889, 0.3928
41.0089, 1.3064
41.0289, 1.8929
41.0489, 1.4347
41.0689, 2.5462
41.0889, 2.9814
41.1089, 2.1910
41.1289, 2.4658
41.1489, 2.1845
41.1689, 1.9282
41.1889, 0.6567
41.2089, 0.9158
41.2289, 0.6007
41.2489, 1.7740
41.2689, 2.1456
41.2889, 0.5047
41.3089, 1.9898
41.3290, 1.0649
41.3490, 0.8756
41.3690, 1.3087
41.3890, 0.8256
41.4090, 2.5109
41.4290, 1.7550
41.4490, 2.7144
41.4690, 1.4862
41.4890, 1.5231
41.5090, 3.7470
41.5290, 0.3351
41.5490, 3.1724
41.5690, 3.5334
41.5890, 2.6662
41.6090, 1.5965
41.6290, 3.3113
41.6490, 1.6050
41.6690, 1.2302
41.6891, 1.5401
41.7091, 1.3625
41.7291, 0.9952
41.7491, 3.0021
41.7691, 1.1642
41.7891, 1.8900
41.8091, 0.5101
41.8291, 1.9490
41.8491, 0.7910
41.8691, 0.7670
41.8891, 1.8123
41.9091, 2.9503
41.9291, 2.3487
41.9491, 2.4157
41.9691, 1.7922
41.9891, 1.5914
42.0091, 2.6909
42.0292, 1.3694
42.0492, 2.7332
42.0692, 3.1250
42.0892, 1.0979
42.1092, 1.2413
42.1292, 1.3866
42.1492, 0.4879
42.1692, 1.4624
42.1892, 3.1938
42.2092, 0.9130
42.2292, 3.2512
42.2492, 1.5935
42.2692, 4.2047
42.2892, 1.7206
42.3092, 2.6760
42.3292, 2.6127
42.3492, 3.8042
42.3692, 7.0128
42.3893, 7.5291
42.4093, 9.3358
42.4293, 7.9618
42.4493, 10.2333
42.4693, 8.3440
42.4893, 7.1084
42.5093, 7.3975
42.5293, 6.0269
42.5493, 4.6094
42.5693, 4.2621
42.5893, 3.7096
42.6093, 3.8443
42.6293, 0.9932
42.6493, 3.4885
42.6693, 3.7976
42.6893, 1.5771
42.7093, 0.2961
42.7294, 0.5706
42.7494, 1.4687
42.7694, 3.8845
42.7894, 1.9356
42.8094, 1.3167
42.8294, 1.2501
42.8494, 0.6282
42.8694, 2.7724
42.8894, 1.8291
42.9094, 3.9680
42.9294, 2.5320
42.9494, 2.7288
42.9694, 1.6827
42.9894, 0.8543
43.0094, 1.0665
43.0294, 0.5828
43.0494, 2.8073
43.0694, 1.5433
43.0895, 2.8484
43.1095, 2.0516
43.1295, 1.6332
43.1495, 0.7776
43.1695, 2.2133
43.1895, 1.7056
43.2095, 2.7993
43.2295, 1.2208
43.2495, 2.5201
43.2695, 3.5201
43.2895, 2.1849
43.3095, 2.6852
43.3295, 2.4770
43.3495, 3.7711
43.3695, 2.2815
43.3895, 2.6020
43.4095, 1.8835
43.4296, 1.1633
43.4496, 0.7400
43.4696, 3.1552
43.4896, 0.9350
43.5096, 2.6468
43.5296, 2.3249
43.5496, 2.8145
43.5696, 1.4167
43.5896, 1.1473
43.6096, 2.2882
43.6296, 1.6337
43.6496, 0.7177
43.6696, 3.8106
43.6896, 1.1467
43.7096, 0.9494
43.7296, 1.6827
43.7496, 3.1415
43.7696, 0.0000
43.7897, 3.0605
43.8097, 1.0295
43.8297, 2.1771
43.8497, 1.2593
43.8697, 3.8627
43.8897, 2.0406
43.9097, 1.2280
43.9297, 1.6251
43.9497, 2.0064
43.9697, 2.0923
43.9897, 2.3471
44.0097, 1.9176
44.0297, 0.5751
44.0497, 1.5869
44.0697, 2.5109
44.0897, 1.2653
44.1097, 2.5755
44.1298, 1.9499
44.1498, 1.7065
44.1698, 3.0842
44.1898, 0.2229
44.2098, 1.2600
44.2298, 3.1216
44.2498, 3.7047
44.2698, 4.1496
44.2898, 1.9681
44.3098, 2.3658
44.3298, 2.7166
44.3498, 3.1632
44.3698, 2.2245
44.3898, 2.8227
44.4098, 2.3676
44.4298, 2.4285
44.4498, 1.0228
44.4698, 1.5977
44.4899, 1.4088
44.5099, 0.7588
44.5299, 0.3073
44.5499, 1.5056
44.5699, 1.6614
44.5899, 2.0214
44.6099, 2.4612
44.6299, 2.1025
44.6499, 1.6682
44.6699, 1.0260
44.6899, 2.7748
44.7099, 1.8196
44.7299, 1.4956
44.7499, 1.7370
44.7699, 1.2039
44.7899, 1.4011
44.8099, 1.3701
44.8300, 1.6386
44.8500, 2.5588
44.8700, 2.3162
44.8900, 3.4283
44.9100, 3.1014
44.9300, 3.8280
44.9500, 2.4646
44.9700, 2.4489
44.9900, 1.4433
45.0100, 2.7250
45.0300, 1.2787
45.0500, 0.4841
45.0700, 3.4083
45.0900, 0.7000
45.1100, 2.3472
45.1300, 1.0599
45.1500, 3.0184
45.1700, 3.1513
45.1901, 2.4353
45.2101, 3.1352
45.2301, 1.9261
45.2501, 4.0991
45.2701, 2.6471
45.2901, 1.0402
45.3101, 1.9869
45.3301, 1.7701
45.3501, 1.6746
45.3701, 0.3019
45.3901, 2.2965
45.4101, 0.5667
45.4301, 0.0000
45.4501, 1.5833
45.4701, 1.1814
45.4901, 1.0785
45.5101, 0.0000
45.5302, 1.0912
45.5502, 1.7571
45.5702, 1.3206
45.5902, 2.3477
45.6102, 3.3936
45.6302, 2.6642
45.6502, 3.3825
45.6702, 3.8121
45.6902, 2.2297
45.7102, 4.2732
45.7302, 5.4958
45.7502, 4.7268
45.7702, 4.8261
45.7902, 6.2744
45.8102, 4.1446
45.8302, 4.0779
45.8502, 3.8589
45.8702, 4.2693
45.8903, 3.4248
45.9103, 3.7277
45.9303, 1.4751
45.9503, 1.2047
45.9703, 2.5438
45.9903, 1.1894
46.0103, 1.3501
46.0303, 0.1145
46.0503, 2.2053
46.0703, 3.4237
46.0903, 0.9148
46.1103, 2.9160
46.1303, 1.8610
46.1503, 0.1962
46.1703, 1.0459
46.1903, 0.9856
46.2103, 1.6101
46.2304, 2.3283
46.2504, 3.7231
46.2704, 0.5224
46.2904, 1.4459
46.3104, 1.0446
46.3304, 0.6816
46.3504, 2.0121
46.3704, 1.9204
46.3904, 0.1490
46.4104, 1.9367
46.4304, 0.7427
46.4504, 1.9305
46.4704, 3.1577
46.4904, 2.3708
46.5104, 2.0922
46.5304, 1.4030
46.5504, 1.9842
46.5704, 2.4686
46.5905, 2.3719
46.6105, 1.8221
46.6305, 2.1311
46.6505, 0.6342
46.6705, 1.2024
46.6905, 2.6094
46.7105, 2.7406
46.7305, 2.0103
46.7505, 3.3621
46.7705, 2.4147
46.7905, 1.6915
46.8105, 0.7287
46.8305, 3.3229
46.8505, 2.6706
46.8705, 3.6738
46.8905, 4.0334
46.9105, 0.6631
46.9306, 0.6657
46.9506, 0.0000
46.9706, 2.8151
46.9906, 2.5595
47.0106, 2.0144
47.0306, 0.7225
47.0506, 1.8321
47.0706, 2.0992
47.0906, 2.6827
47.1106, 2.1853
47.1306, 2.5667
47.1506, 1.7978
47.1706, 3.0718
47.1906, 2.5354
47.2106, 0.7607
47.2306, 3.2746
47.2506, 3.1149
47.2706, 2.3732
47.2907, 2.1929
47.3107, 3.5374
47.3307, 0.3251
47.3507, 3.1301
47.3707, 1.4543
47.3907, 2.9876
47.4107, 2.0364
47.4307, 0.7061
47.4507, 1.4344
47.4707, 2.9160
47.4907, 1.7138
47.5107, 1.3125
47.5307, 1.3060
47.5507, 2.5457
47.5707, 3.6272
47.5907, 0.0000
47.6107, 4.6519
47.6308, 2.1178
47.6508, 2.4851
47.6708, 1.4932
47.6908, 1.9155
47.7108, 2.1068
47.7308, 0.8952
47.7508, 1.1328
47.7708, 3.0749
47.7908, 0.4042
47.8108, 2.3493
47.8308, 1.5574
47.8508, 0.9815
47.8708, 3.8432
47.8908, 0.9875
47.9108, 0.8162
47.9308, 1.7365
47.9508, 1.1690
47.9708, 1.9252
47.9909, 2.0706
48.0109, 2.1479
48.0309, 1.7981
48.0509, 1.2338
48.0709, 2.5468
48.0909, 1.8100
48.1109, 1.4353
48.1309, 3.3631
48.1509, 1.8006
48.1709, 2.9845
48.1909, 3.1161
48.2109, 3.1755
48.2309, 2.5934
48.2509, 1.9183
48.2709, 1.8565
48.2909, 1.6807
48.3109, 0.0000
48.3310, 2.6204
48.3510, 2.1575
48.3710, 2.7245
48.3910, 1.8048
48.4110, 2.5677
48.4310, 0.5748
48.4510, 0.7780
48.4710, 0.0000
48.4910, 1.7878
48.5110, 1.1651
48.5310, 1.0374
48.5510, 2.2455
48.5710, 1.5037
48.5910, 0.5205
48.6110, 4.4022
48.6310, 1.8828
48.6510, 0.8620
48.6710, 1.2653
48.6911, 1.7500
48.7111, 1.7479
48.7311, 3.1896
48.7511, 1.8414
48.7711, 3.7293
48.7911, 1.4970
48.8111, 2.3351
48.8311, 2.9162
48.8511, 3.0852
48.8711, 3.1991
48.8911, 1.6535
48.9111, 1.9136
48.9311, 0.0000
48.9511, 1.7277
48.9711, 2.9838
48.9911, 2.7941
49.0111, 1.8346
49.0312, 3.5770
49.0512, 1.5442
49.0712, 1.2201
49.0912, 1.4621
49.1112, 0.8236
49.1312, 2.5263
49.1512, 2.2004
49.1712, 2.5142
49.1912, 1.5146
49.2112, 1.8623
49.2312, 0.0000
49.2512, 2.2861
49.2712, 2.0154
49.2912, 0.8450
49.3112, 1.8168
49.3312, 1.6673
49.3512, 3.6406
49.3712, 0.8835
49.3913, 2.2424
49.4113, 0.8546
49.4313, 1.3746
49.4513, 2.1891
49.4713, 1.7127
49.4913, 1.9131
49.5113, 2.2436
49.5313, 1.4372
49.5513, 2.7817
49.5713, 1.6209
49.5913, 1.8237
49.6113, 2.2715
49.6313, 2.1405
49.6513, 2.5476
49.6713, 2.2282
49.6913, 2.3766
49.7113, 1.6014
49.7314, 0.8760
49.7514, 0.5258
49.7714, 0.2887
49.7914, 3.6391
49.8114, 0.0000
49.8314, 3.0842
49.8514, 1.1194
49.8714, 3.0817
49.8914, 0.0000
49.9114, 1.7330
49.9314, 3.4499
49.9514, 2.8799
49.9714, 2.1643
49.9914, 1.1651
50.0114, 2.7105
50.0314, 6.7549
50.0514, 6.9139
50.0714, 9.3469
50.0915, 11.8590
50.1115, 12.0676
50.1315, 14.6915
50.1515, 13.8061
50.1715, 13.4095
50.1915, 10.7156
50.2115, 7.5551
50.2315, 6.5396
50.2515, 5.7893
50.2715, 4.2202
50.2915, 2.9872
50.3115, 3.3109
50.3315, 1.9551
50.3515, 2.0719
50.3715, 1.4883
50.3915, 2.8656
50.4115, 2.2077
50.4316, 1.3767
50.4516, 0.4663
50.4716, 2.9973
50.4916, 1.1929
50.5116, 1.9893
50.5316, 4.2146
50.5516, 2.7011
50.5716, 3.4911
50.5916, 1.3938
50.6116, 2.9640
50.6316, 1.9450
50.6516, 2.2761
50.6716, 3.8909
50.6916, 1.6470
50.7116, 1.9377
50.7316, 1.0376
50.7516, 2.7859
50.7716, 1.3719
50.7917, 2.9169
50.8117, 0.3089
50.8317, 2.4543
50.8517, 1.2908
50.8717, 2.6318
50.8917, 1.9057
50.9117, 1.3966
50.9317, 1.5417
50.9517, 1.0891
50.9717, 2.7365
50.9917, 0.8957
51.0117, 1.6583
51.0317, 2.2558
51.0517, 3.4934
51.0717, 1.9099
51.0917, 1.6823
51.1117, 2.1860
51.1318, 0.0000
51.1518, 0.7493
51.1718, 1.5527
51.1918, 1.2232
51.2118, 0.3568
51.2318, 2.7560
51.2518, 2.1724
51.2718, 2.0558
51.2918, 1.2417
51.3118, 1.9964
51.3318, 2.4209
51.3518, 1.6605
51.3718, 2.3528
51.3918, 1.1421
51.4118, 2.0141
51.4318, 3.0338
51.4518, 3.1212
51.4718, 3.2144
51.4919, 2.1976
51.5119, 1.9498
51.5319, 1.4810
51.5519, 0.1552
51.5719, 0.6066
51.5919, 1.7550
51.6119, 1.8133
51.6319, 3.2970
51.6519, 3.2019
51.6719, 1.2491
51.6919, 2.7175
51.7119, 1.4534
51.7319, 2.5850
51.7519, 2.7055
51.7719, 3.1310
51.7919, 1.4382
51.8119, 2.9087
51.8320, 0.0914
51.8520, 3.1838
51.8720, 1.8945
51.8920, 1.9153
51.9120, 0.0000
51.9320, 1.5397
51.9520, 3.2416
51.9720, 1.5026
51.9920, 2.6151
52.0120, 1.9527
52.0320, 2.9559
52.0520, 2.1058
52.0720, 1.0097
52.0920, 1.9740
52.1120, 3.4814
52.1320, 2.4046
52.1520, 1.8053
52.1720, 4.1201
52.1921, 3.0501
52.2121, 2.7159
52.2321, 2.2286
52.2521, 2.6316
52.2721, 2.6632
52.2921, 0.0000
52.3121, 2.3043
52.3321, 1.7620
52.3521, 1.4313
52.3721, 1.7282
52.3921, 0.4007
52.4121, 0.1580
52.4321, 3.1353
52.4521, 2.3699
52.4721, 0.0000
52.4921, 1.3565
52.5121, 2.7782
52.5322, 1.6457
52.5522, 3.1338
52.5722, 2.9433
52.5922, 0.5951
52.6122, 1.7791
52.6322, 1.4817
52.6522, 0.5633
52.6722, 0.4999
52.6922, 1.1324
52.7122, 1.2935
52.7322, 2.1953
52.7522, 2.9379
52.7722, 2.4202
52.7922, 2.6512
52.8122, 1.6588
52.8322, 2.5074
52.8522, 1.7742
52.8722, 1.4882
52.8923, 3.7702
52.9123, 0.0000
52.9323, 0.0910
52.9523, 2.2924
52.9723, 1.6604
52.9923, 0.5167
53.0123, 0.8898
53.0323, 1.0169
53.0523, 2.7897
53.0723, 3.1020
53.0923, 3.5188
53.1123, 0.3684
53.1323, 0.5849
53.1523, 0.5180
53.1723, 3.1766
53.1923, 2.3261
53.2123, 1.9972
53.2324, 2.1430
53.2524, 1.8635
53.2724, 0.8249
53.2924, 2.4197
53.3124, 1.7373
53.3324, 0.7477
53.3524, 2.4793
53.3724, 1.5035
53.3924, 2.1409
53.4124, 1.7970
53.4324, 2.7888
53.4524, 2.1338
53.4724, 1.0566
53.4924, 2.2332
53.5124, 2.2651
53.5324, 2.4179
53.5524, 2.9298
53.5724, 1.3179
53.5925, 2.5707
53.6125, 0.2359
53.6325, 1.8019
53.6525, 1.6509
53.6725, 3.3318
53.6925, 1.7664
53.7125, 2.5122
53.7325, 0.1998
53.7525, 1.5757
53.7725, 1.0931
53.7925, 4.3346
53.8125, 1.2683
53.8325, 1.9905
53.8525, 2.0425
53.8725, 0.3679
53.8925, 1.4056
53.9125, 2.3139
53.9326, 2.0026
53.9526, 0.0000
53.9726, 1.3657
53.9926, 2.9151
54.0126, 2.4929
54.0326, 3.1075
54.0526, 0.9571
54.0726, 3.1689
54.0926, 1.8756
54.1126, 3.4726
54.1326, 1.9222
54.1526, 0.0000
54.1726, 2.7477
54.1926, 1.4862
54.2126, 1.5518
54.2326, 0.5010
54.2526, 3.5019
54.2726, 1.4105
54.2927, 3.4559
54.3127, 1.4981
54.3327, 1.0136
54.3527, 3.2066
54.3727, 1.8474
54.3927, 1.8569
54.4127, 0.6683
54.4327, 1.4724
54.4527, 2.3373
54.4727, 0.6512
54.4927, 1.3929
54.5127, 1.5087
54.5327, 1.9838
54.5527, 3.3628
54.5727, 1.6265
54.5927, 1.2461
54.6127, 4.6018
54.6328, 1.5049
54.6528, 1.7560
54.6728, 1.6266
54.6928, 1.7767
54.7128, 2.2587
54.7328, 3.3169
54.7528, 3.1799
54.7728, 4.3492
54.7928, 4.9503
54.8128, 4.8154
54.8328, 5.5901
54.8528, 6.7179
54.8728, 4.6692
54.8928, 7.9840
54.9128, 4.5651
54.9328, 4.0789
54.9528, 2.5615
54.9728, 1.9859
54.9929, 3.6179
55.0129, 4.5552
55.0329, 1.5827
55.0529, 2.3614
55.0729, 2.1812
55.0929, 2.9214
55.1129, 4.1137
55.1329, 3.4624
55.1529, 1.8152
55.1729, 2.7002
55.1929, 3.0332
55.2129, 2.7690
55.2329, 2.2326
55.2529, 3.1565
55.2729, 5.7366
55.2929, 6.4474
55.3129, 5.4353
55.3330, 6.0080
55.3530, 6.7122
55.3730, 3.3984
55.3930, 3.9814
55.4130, 5.7088
55.4330, 3.4280
55.4530, 1.5629
55.4730, 2.4525
55.4930, 3.1317
55.5130, 0.0000
55.5330, 2.1352
55.5530, 1.5731
55.5730, 0.3231
55.5930, 2.0010
55.6130, 1.7864
55.6330, 1.8956
55.6530, 1.5792
55.6730, 0.9223
55.6931, 0.4993
55.7131, 1.2450
55.7331, 2.7574
55.7531, 2.1464
55.7731, 1.8514
55.7931, 0.9043
55.8131, 1.5541
55.8331, 2.6383
55.8531, 2.4115
55.8731, 1.4533
55.8931, 0.0000
55.9131, 1.2604
55.9331, 1.4479
55.9531, 1.0338
55.9731, 1.5158
55.9931, 2.7157
56.0131, 1.8826
56.0332, 2.8847
56.0532, 0.4471
56.0732, 1.6213
56.0932, 0.0268
56.1132, 1.5027
56.1332, 0.8986
56.1532, 3.1692
56.1732, 2.3187
56.1932, 2.9092
56.2132, 1.5000
56.2332, 0.9239
56.2532, 0.8928
56.2732, 2.1780
56.2932, 3.6853
56.3132, 2.3214
56.3332, 1.5532
56.3532, 1.7347
56.3732, 1.8884
56.3933, 3.8966
56.4133, 3.1227
56.4333, 2.1726
56.4533, 2.0260
56.4733, 2.2111
56.4933, 2.4013
56.5133, 1.5157
56.5333, 1.0953
56.5533, 2.9262
56.5733, 1.9404
56.5933, 2.8447
56.6133, 3.5253
56.6333, 2.4270
56.6533, 2.2688
56.6733, 5.0418
56.6933, 2.1210
56.7133, 0.8548
56.7334, 1.6445
56.7534, 3.4331
56.7734, 0.6561
56.7934, 1.1847
56.8134, 2.9986
56.8334, 1.6539
56.8534, 1.8114
56.8734, 2.9664
56.8934, 1.2195
56.9134, 0.4859
56.9334, 0.5637
56.9534, 2.4867
56.9734, 2.1718
56.9934, 1.2431
57.0134, 0.7882
57.0334, 1.6549
57.0534, 3.0085
57.0734, 1.1033
57.0935, 1.2723
57.1135, 0.7572
57.1335, 1.5604
57.1535, 2.2488
57.1735, 3.9829
57.1935, 2.1315
57.2135, 1.8666
57.2335, 2.7610
57.2535, 2.5983
57.2735, 1.3553
57.2935, 4.1653
57.3135, 1.8952
57.3335, 2.1496
57.3535, 2.4570
57.3735, 2.2565
57.3935, 3.4074
57.4135, 1.3433
57.4336, 2.6834
57.4536, 2.0795
57.4736, 2.8779
57.4936, 1.7092
57.5136, 1.5770
57.5336, 2.6333
57.5536, 2.2683
57.5736, 1.1185
57.5936, 3.2320
57.6136, 2.6337
57.6336, 1.8465
57.6536, 1.4620
57.6736, 2.2743
57.6936, 2.5635
57.7136, 0.3634
57.7336, 2.2855
57.7536, 2.5557
57.7736, 0.0000
57.7937, 2.1104
57.8137, 2.5968
57.8337, 2.4858
57.8537, 2.7020
57.8737, 1.5993
57.8937, 0.9042
57.9137, 0.1627
57.9337, 2.9847
57.9537, 2.6050
57.9737, 3.0592
57.9937, 1.2113
58.0137, 2.7033
58.0337, 0.4526
58.0537, 1.0705
58.0737, 2.0419
58.0937, 2.5661
58.1137, 3.5573
58.1338, 1.6847
58.1538, 1.0741
58.1738, 1.0240
58.1938, 1.2477
58.2138, 4.0862
58.2338, 2.6575
58.2538, 3.0046
58.2738, 1.6857
58.2938, 1.9173
58.3138, 2.6013
58.3338, 1.4254
58.3538, 1.6347
58.3738, 1.2606
58.3938, 1.4823
58.4138, 1.9667
58.4338, 1.1171
58.4538, 2.1980
58.4738, 2.1966
58.4939, 1.7440
58.5139, 1.1115
58.5339, 2.0214
58.5539, 1.4263
58.5739, 1.9644
58.5939, 2.9905
58.6139, 0.6963
58.6339, 4.0399
58.6539, 1.8482
58.6739, 2.3208
58.6939, 1.1844
58.7139, 3.0335
58.7339, 1.7964
58.7539, 1.5344
58.7739, 1.3574
58.7939, 1.6569
58.8139, 2.3272
58.8340, 2.0876
58.8540, 1.8800
58.8740, 1.2247
58.8940, 1.1684
58.9140, 1.4692
58.9340, 2.3681
58.9540, 2.5652
58.9740, 2.6967
58.9940, 1.9175
59.0140, 2.2932
59.0340, 1.7546
59.0540, 0.2188
59.0740, 1.7082
59.0940, 1.5527
59.1140, 0.9050
59.1340, 1.3653
59.1540, 2.0508
59.1740, 0.8131
59.1941, 1.2254
59.2141, 3.4294
59.2341, 0.3550
59.2541, 1.7402
59.2741, 0.7809
59.2941, 1.1855
59.3141, 1.7260
59.3341, 0.9553
59.3541, 2.4790
59.3741, 3.2374
59.3941, 2.7403
59.4141, 2.9188
59.4341, 0.5726
59.4541, 1.6818
59.4741, 2.3751
59.4941, 2.7691
59.5141, 3.6299
59.5342, 2.9621
59.5542, 2.7937
59.5742, 4.4888
59.5942, 2.0129
59.6142, 1.6369
59.6342, 2.0921
59.6542, 1.0262
59.6742, 1.9856
59.6942, 0.2361
59.7142, 1.4091
59.7342, 1.8256
59.7542, 2.8945
59.7742, 3.1174
59.7942, 1.2232
59.8142, 4.4251
59.8342, 2.9289
59.8542, 3.5819
59.8742, 2.5038
59.8943, 4.3179
59.9143, 6.7681
59.9343, 6.5500
59.9543, 6.8045
59.9743, 6.8332
59.9943, 4.7346
60.0143, 5.3110
60.0343, 5.9318
60.0543, 4.8105
60.0743, 2.9621
60.0943, 4.1248
60.1143, 1.0541
60.1343, 1.1493
60.1543, 3.8178
60.1743, 2.5161
60.1943, 1.6496
60.2143, 1.8693
60.2344, 1.1332
60.2544, 2.1892
60.2744, 2.1117
60.2944, 1.9384
60.3144, 0.7873
60.3344, 2.1773
60.3544, 1.4022
60.3744, 0.9568
60.3944, 3.1550
60.4144, 4.0362
60.4344, 3.8146
60.4544, 2.5533
60.4744, 1.6598
60.4944, 1.8503
60.5144, 2.3147
60.5344, 1.5089
60.5544, 3.2059
60.5744, 0.0000
60.5945, 1.6304
60.6145, 2.7006
60.6345, 1.0942
60.6545, 1.6846
60.6745, 2.4982
60.6945, 3.4005
60.7145, 0.6563
60.7345, 0.5840
60.7545, 0.9958
60.7745, 0.4186
60.7945, 0.4880
60.8145, 0.9698
60.8345, 3.1226
60.8545, 1.6144
60.8745, 1.9496
60.8945, 0.9866
60.9145, 2.5372
60.9346, 3.7493
60.9546, 1.0528
60.9746, 3.6020
60.9946, 2.2746
61.0146, 1.9354
61.0346, 2.3094
61.0546, 2.3000
61.0746, 3.7311
61.0946, 2.4266
61.1146, 2.4470
61.1346, 1.5076
61.1546, 2.7377
61.1746, 0.9852
61.1946, 2.0253
61.2146, 4.7325
61.2346, 0.0000
61.2546, 2.1465
61.2746, 2.1840
61.2947, 1.6964
61.3147, 1.7194
61.3347, 2.0081
61.3547, 1.6730
61.3747, 2.1356
61.3947, 1.4431
61.4147, 3.8924
61.4347, 1.6730
61.4547, 2.4748
61.4747, 1.2661
61.4947, 2.8295
61.5147, 2.6347
61.5347, 2.3281
61.5547, 0.9165
61.5747, 1.1847
61.5947, 3.5643
61.6147, 1.1739
61.6348, 2.5443
61.6548, 0.9971
61.6748, 2.9029
61.6948, 1.2492
61.7148, 0.9791
61.7348, 1.2238
61.7548, 1.3785
61.7748, 2.3138
61.7948, 1.9867
61.8148, 0.8503
61.8348, 1.8917
61.8548, 0.8031
61.8748, 2.5469
61.8948, 2.7258
61.9148, 1.8956
61.9348, 2.1840
61.9548, 3.6287
61.9748, 1.7652
61.9949, 0.9975
62.0149, 2.4841
62.0349, 0.8137
62.0549, 1.7135
62.0749, 1.3344
62.0949, 1.2341
62.1149, 1.6749
62.1349, 2.7971
62.1549, 2.9979
62.1749, 2.8227
62.1949, 2.2472
62.2149, 1.6675
62.2349, 0.0000
62.2549, 2.2777
62.2749, 0.0000
62.2949, 0.0421
62.3149, 1.7612
62.3350, 2.1771
62.3550, 1.4788
62.3750, 3.4173
62.3950, 2.3699
62.4150, 1.6756
62.4350, 3.2717
62.4550, 3.4462
62.4750, 2.4191
62.4950, 1.1624
62.5150, 1.3820
62.5350, 0.5072
62.5550, 1.8776
62.5750, 0.8943
62.5950, 1.5978
62.6150, 2.1732
62.6350, 0.0000
62.6550, 0.6858
62.6751, 1.4244
62.6951, 1.8677
62.7151, 1.4370
62.7351, 1.6550
62.7551, 1.2298
62.7751, 0.5046
62.7951, 1.3971
62.8151, 1.7109
62.8351, 1.6161
62.8551, 2.0280
62.8751, 2.3277
62.8951, 2.5842
62.9151, 1.3007
62.9351, 0.3813
62.9551, 3.1598
62.9751, 2.2951
62.9951, 0.9874
63.0151, 2.1899
63.0352, 2.9611
63.0552, 3.6063
63.0752, 2.1635
63.0952, 2.9530
63.1152, 0.7386
63.1352, 1.8839
63.1552, 1.5920
63.1752, 2.2532
63.1952, 3.4912
63.2152, 2.1628
63.2352, 1.0039
63.2552, 0.6861
63.2752, 3.5249
63.2952, 2.4203
63.3152, 2.3562
63.3352, 1.5835
63.3552, 2.1803
63.3753, 0.9559
63.3953, 2.2968
63.4153, 0.7725
63.4353, 1.5683
63.4553, 1.2916
63.4753, 0.0000
63.4953, 1.5806
63.5153, 1.0418
63.5353, 1.7136
63.5553, 1.9206
63.5753, 3.6441
63.5953, 2.2163
63.6153, 2.2450
63.6353, 2.4026
63.6553, 2.7697
63.6753, 2.3622
63.6953, 2.1939
63.7153, 2.6131
63.7354, 0.0000
63.7554, 3.9589
63.7754, 3.4746
63.7954, 2.1430
63.8154, 0.5710
63.8354, 3.1718
63.8554, 1.3948
63.8754, 2.7388
63.8954, 1.2028
63.9154, 4.9717
63.9354, 1.8378
63.9554, 3.8184
63.9754, 2.1691
63.9954, 4.5749
64.0154, 4.3759
64.0354, 5.8337
64.0554, 4.0161
64.0755, 5.0932
64.0955, 2.4733
64.1155, 2.7166
64.1355, 2.3426
64.1555, 2.7969
64.1755, 2.4884
64.1955, 2.7262
64.2155, 2.2252
64.2355, 2.5831
64.2555, 1.0499
64.2755, 2.3008
64.2955, 3.4890
64.3155, 0.2798
64.3355, 2.3962
64.3555, 2.5794
64.3755, 3.3448
64.3955, 2.6274
64.4155, 2.0168
64.4356, 2.3386
64.4556, 1.2017
64.4756, 1.5404
64.4956, 0.6156
64.5156, 3.3700
64.5356, 2.3582
64.5556, 1.0250
64.5756, 2.1837
64.5956, 3.0502
64.6156, 2.8877
64.6356, 1.0137
64.6556, 0.0000
64.6756, 2.3048
64.6956, 1.0535
64.7156, 2.5262
64.7356, 2.8462
64.7556, 3.0056
64.7757, 3.6215
64.7957, 3.1254
64.8157, 3.6262
64.8357, 3.2646
64.8557, 3.3497
64.8757, 1.8791
64.8957, 0.6608
64.9157, 4.3412
64.9357, 1.9804
64.9557, 3.1179
64.9757, 1.3820
64.9957, 2.8595
65.0157, 0.0000
65.0357, 1.5184
65.0557, 1.8229
65.0757, 2.3704
65.0957, 2.9650
65.1157, 0.8513
65.1358, 2.5629
65.1558, 3.1159
65.1758, 4.2081
65.1958, 2.6085
65.2158, 1.4706
65.2358, 0.6779
65.2558, 3.7039
65.2758, 2.6384
65.2958, 1.8975
65.3158, 0.3383
65.3358, 1.0103
65.3558, 2.5350
65.3758, 2.2642
65.3958, 0.0197
65.4158, 2.5363
65.4358, 0.3885
65.4558, 3.2402
65.4759, 2.1225
65.4959, 1.4667
65.5159, 2.8851
65.5359, 2.2639
65.5559, 3.2118
65.5759, 1.9975
65.5959, 2.0544
65.6159, 1.6406
65.6359, 2.1756
65.6559, 3.5758
65.6759, 1.4283
65.6959, 2.5512
65.7159, 1.0598
65.7359, 0.0000
65.7559, 2.1214
65.7759, 2.2804
65.7959, 1.8116
65.8159, 0.4592
65.8360, 2.2159
65.8560, 2.1788
65.8760, 1.0517
65.8960, 0.5982
65.9160, 1.6727
65.9360, 2.5561
65.9560, 2.3255
65.9760, 1.0594
65.9960, 2.0526
66.0160, 2.7846
66.0360, 0.7746
66.0560, 1.9806
66.0760, 3.2262
66.0960, 0.6749
66.1160, 3.0465
66.1360, 3.4990
66.1560, 1.7021
66.1761, 1.5842
66.1961, 2.9270
66.2161, 1.7373
66.2361, 0.0000
66.2561, 1.8225
66.2761, 2.3780
66.2961, 2.6411
66.3161, 1.0596
66.3361, 1.6557
66.3561, 2.8722
66.3761, 1.8604
66.3961, 0.4272
66.4161, 3.1266
66.4361, 1.7100
66.4561, 2.9838
66.4761, 0.5572
66.4961, 1.8009
66.5161, 2.4163
66.5362, 1.8339
66.5562, 0.7646
66.5762, 0.0000
66.5962, 3.4054
66.6162, 2.1610
66.6362, 3.0575
66.6562, 2.8251
66.6762, 2.5014
66.6962, 1.6054
66.7162, 2.3969
66.7362, 3.3168
66.7562, 1.9999
66.7762, 3.7746
66.7962, 0.4558
66.8162, 0.3509
66.8362, 2.8831
66.8562, 1.1200
66.8763, 3.9129
66.8963, 3.2239
66.9163, 3.4681
66.9363, 2.7820
66.9563, 1.0197
66.9763, 0.2997
66.9963, 3.3781
67.0163, 0.4557
67.0363, 3.4655
67.0563, 2.5724
67.0763, 1.8445
67.0963, 2.3503
67.1163, 2.3730
67.1363, 1.7214
67.1563, 3.3101
67.1763, 3.2767
67.1963, 2.0708
67.2163, 1.3335
67.2364, 3.1933
67.2564, 0.0000
67.2764, 2.3521
67.2964, 2.6406
67.3164, 1.1106
67.3364, 2.8692
67.3564, 1.8932
67.3764, 1.3865
67.3964, 2.8589
67.4164, 0.8596
67.4364, 2.7674
67.4564, 0.0000
67.4764, 2.2008
67.4964, 1.9711
67.5164, 1.4180
67.5364, 2.3639
67.5564, 1.9911
67.5765, 3.2659
67.5965, 3.0836
67.6165, 3.4631
67.6365, 4.0068
67.6565, 4.1624
67.6765, 5.3432
67.6965, 6.8506
67.7165, 7.1721
67.7365, 8.7527
67.7565, 7.5997
67.7765, 7.2689
67.7965, 4.6237
67.8165, 5.8928
67.8365, 3.4508
67.8565, 2.2251
67.8765, 4.2924
67.8965, 3.0126
67.9165, 3.0908
67.9366, 2.5044
67.9566, 1.9893
67.9766, 1.9254
67.9966, 3.2007
68.0166, 3.9470
68.0366, 3.3593
68.0566, 6.1996
68.0766, 4.8303
68.0966, 4.4707
68.1166, 4.7603
68.1366, 5.0634
68.1566, 6.1712
68.1766, 5.8413
68.1966, 5.9748
68.2166, 4.4307
68.2366, 4.4867
68.2566, 3.0619
68.2767, 2.5670
68.2967, 1.6917
68.3167, 3.4704
68.3367, 0.4972
68.3567, 2.2427
68.3767, 1.7528
68.3967, 2.6856
68.4167, 1.8998
68.4367, 1.9277
68.4567, 1.6588
68.4767, 3.2785
68.4967, 1.9213
68.5167, 3.8409
68.5367, 2.1846
68.5567, 1.9402
68.5767, 1.7771
68.5967, 2.4695
68.6167, 1.3448
68.6368, 2.0612
68.6568, 1.9269
68.6768, 2.2363
68.6968, 2.2605
68.7168, 2.3112
68.7368, 2.0116
68.7568, 3.4499
68.7768, 2.3313
68.7968, 4.4619
68.8168, 1.9676
68.8368, 2.8547
68.8568, 1.2105
68.8768, 3.2858
68.8968, 1.2317
68.9168, 2.3638
68.9368, 1.6609
68.9568, 2.3600
68.9769, 1.6898
68.9969, 1.1488
69.0169, 1.6539
69.0369, 3.4232
69.0569, 2.3749
69.0769, 0.6613
69.0969, 2.9878
69.1169, 1.0490
69.1369, 2.6443
69.1569, 2.4587
69.1769, 2.5203
69.1969, 3.7273
69.2169, 1.1104
69.2369, 2.5150
69.2569, 3.1481
69.2769, 1.2912
69.2969, 1.1912
69.3169, 1.6387
69.3370, 2.2358
69.3570, 0.5426
69.3770, 2.4570
69.3970, 0.5446
69.4170, 3.1810
69.4370, 2.4203
69.4570, 3.7858
69.4770, 2.5716
69.4970, 1.6216
69.5170, 1.1396
69.5370, 2.1521
69.5570, 1.8894
69.5770, 3.0764
69.5970, 1.0128
69.6170, 3.8910
69.6370, 3.1629
69.6570, 1.7203
69.6771, 3.6733
69.6971, 1.1548
69.7171, 2.1196
69.7371, 0.6734
69.7571, 3.7208
69.7771, 0.3114
69.7971, 0.5134
69.8171, 1.2996
69.8371, 3.2093
69.8571, 2.8507
69.8771, 2.0380
69.8971, 2.9132
69.9171, 1.8063
69.9371, 2.3312
69.9571, 3.5307
69.9771, 1.6783
69.9971, 1.1711
70.0171, 2.3779
70.0372, 2.6413
70.0572, 2.0267
70.0772, 2.8981
70.0972, 1.7226
70.1172, 2.0434
70.1372, 2.2845
70.1572, 2.1994
70.1772, 3.4932
70.1972, 2.2796
70.2172, 1.6224
70.2372, 2.4342
70.2572, 2.9034
70.2772, 2.6745
70.2972, 2.6204
70.3172, 0.4571
70.3372, 0.0000
70.3572, 3.1634
70.3773, 2.3472
70.3973, 1.8979
70.4173, 2.5965
70.4373, 3.7996
70.4573, 3.2983
70.4773, 2.8579
70.4973, 1.0537
70.5173, 1.1805
70.5373, 0.0000
70.5573, 2.5371
70.5773, 3.0008
70.5973, 3.0803
70.6173, 2.5780
70.6373, 1.7686
70.6573, 1.3683
70.6773, 1.1135
70.6973, 1.7595
70.7173, 0.9648
70.7374, 3.6324
70.7574, 0.6481
70.7774, 1.7267
70.7974, 0.0296
70.8174, 2.2083
70.8374, 1.9166
70.8574, 1.5708
70.8774, 1.0087
70.8974, 1.9213
70.9174, 1.3877
70.9374, 1.7854
70.9574, 3.8290
70.9774, 2.0870
70.9974, 2.4389
71.0174, 1.4657
71.0374, 1.1535
71.0574, 1.8965
71.0775, 4.3623
71.0975, 1.6385
71.1175, 2.2716
71.1375, 1.1106
71.1575, 0.0000
71.1775, 1.1482
71.1975, 4.2421
71.2175, 2.4999
71.2375, 3.5202
71.2575, 1.5796
71.2775, 0.0000
71.2975, 0.8371
71.3175, 2.3064
71.3375, 2.1508
71.3575, 1.9088
71.3775, 1.4015
71.3975, 2.8359
71.4175, 1.4297
71.4376, 2.2193
71.4576, 2.1095
71.4776, 1.5594
71.4976, 1.0590
71.5176, 1.5020
71.5376, 3.7472
71.5576, 3.0045
71.5776, 2.9146
71.5976, 1.1515
71.6176, 0.5160
71.6376, 2.9889
71.6576, 2.8018
71.6776, 2.0529
71.6976, 1.5574
71.7176, 0.4904
71.7376, 2.7654
71.7576, 3.0764
71.7777, 1.2563
71.7977, 1.1748
71.8177, 3.1300
71.8377, 1.2926
71.8577, 3.6550
71.8777, 1.8125
71.8977, 1.5417
71.9177, 1.9630
71.9377, 1.5417
71.9577, 3.0179
71.9777, 2.7833
71.9977, 2.9807
72.0177, 2.0990
72.0377, 1.4736
72.0577, 1.9101
72.0777, 1.5035
72.0977, 3.3501
72.1177, 2.8970
72.1378, 1.8296
72.1578, 1.0149
72.1778, 3.4225
72.1978, 2.0523
72.2178, 1.7919
72.2378, 3.4311
72.2578, 1.4213
72.2778, 1.6077
72.2978, 1.6938
72.3178, 0.6342
72.3378, 2.2270
72.3578, 1.1750
72.3778, 1.3620
72.3978, 1.2316
72.4178, 1.3461
72.4378, 1.1003
72.4578, 2.1602
72.4779, 1.7671
72.4979, 1.9658
72.5179, 4.2158
72.5379, 1.7671
72.5579, 2.5093
72.5779, 2.6203
72.5979, 1.8576
72.6179, 2.1861
72.6379, 1.9391
72.6579, 2.1166
72.6779, 1.3466
72.6979, 1.4367
72.7179, 1.9355
72.7379, 0.0000
72.7579, 3.3788
72.7779, 4.0275
72.7979, 2.0852
72.8179, 2.5683
72.8380, 2.9739
72.8580, 0.6263
72.8780, 2.8248
72.8980, 1.5028
72.9180, 4.1543
72.9380, 1.7352
72.9580, 2.8052
72.9780, 1.7448
72.9980, 4.0625
73.0180, 1.4190
73.0380, 3.0558
73.0580, 2.5305
73.0780, 2.3135
73.0980, 2.1424
73.1180, 1.2681
73.1380, 0.0000
73.1580, 2.9674
73.1781, 1.4423
73.1981, 3.0615
73.2181, 2.2661
73.2381, 3.1015
73.2581, 2.7311
73.2781, 0.0000
73.2981, 2.6753
73.3181, 1.8989
73.3381, 3.6389
73.3581, 3.4848
73.3781, 4.0452
73.3981, 3.8463
73.4181, 3.8958
73.4381, 4.9345
73.4581, 3.9424
73.4781, 5.1534
73.4981, 4.0126
73.5181, 3.5017
73.5382, 4.3533
73.5582, 4.0941
73.5782, 2.9688
73.5982, 2.0800
73.6182, 1.3504
73.6382, 1.7888
73.6582, 1.1995
73.6782, 1.8927
73.6982, 0.4479
73.7182, 2.6082
73.7382, 1.3672
73.7582, 2.2866
73.7782, 2.7848
73.7982, 2.2389
73.8182, 2.6987
73.8382, 0.0000
73.8582, 1.4380
73.8783, 2.9953
73.8983, 2.4159
73.9183, 3.7227
73.9383, 3.5821
73.9583, 2.2113
73.9783, 1.6731
73.9983, 0.9837
74.0183, 1.4546
74.0383, 1.5206
74.0583, 1.3400
74.0783, 1.0228
74.0983, 2.3108
74.1183, 3.5745
74.1383, 2.8296
74.1583, 1.6043
74.1783, 2.9084
74.1983, 2.2572
74.2183, 1.8792
74.2384, 1.8183
74.2584, 1.7238
74.2784, 2.5543
74.2984, 2.0552
74.3184, 1.2081
74.3384, 1.1609
74.3584, 2.2174
74.3784, 2.3372
74.3984, 1.6134
74.4184, 0.8143
74.4384, 3.1396
74.4584, 2.9324
74.4784, 0.0000
74.4984, 3.2261
74.5184, 1.7150
74.5384, 2.1043
74.5584, 3.0296
74.5785, 3.5315
74.5985, 2.8975
74.6185, 2.1541
74.6385, 0.5766
74.6585, 0.0000
74.6785, 2.7759
74.6985, 3.2285
74.7185, 1.1240
74.7385, 1.6557
74.7585, 1.3752
74.7785, 1.3492
74.7985, 2.9679
74.8185, 2.1320
74.8385, 1.6953
74.8585, 4.5122
74.8785, 0.5192
74.8985, 2.4536
74.9185, 0.8953
74.9386, 1.7653
74.9586, 2.0640
74.9786, 2.7431
74.9986, 1.6641
75.0186, 1.5609
75.0386, 1.6466
75.0586, 0.8651
75.0786, 2.5360
75.0986, 2.1935
75.1186, 2.3436
75.1386, 1.8511
75.1586, 1.7307
75.1786, 3.0661
75.1986, 2.9160
75.2186, 3.2995
75.2386, 2.2825
75.2586, 3.2389
75.2787, 1.5129
75.2987, 1.7230
75.3187, 3.0851
75.3387, 2.7420
75.3587, 1.6355
75.3787, 0.8980
75.3987, 1.7199
75.4187, 1.2506
75.4387, 3.6017
75.4587, 2.6606
75.4787, 1.1716
75.4987, 0.8992
75.5187, 1.1595
75.5387, 1.3736
75.5587, 1.7563
75.5787, 3.0065
75.5987, 0.9758
75.6187, 4.1531
75.6388, 0.9985
75.6588, 0.5440
75.6788, 3.5664
75.6988, 3.2082
75.7188, 1.7410
75.7388, 2.2911
75.7588, 2.3157
75.7788, 2.0524
75.7988, 0.6538
75.8188, 0.0000
75.8388, 1.0947
75.8588, 3.6912
75.8788, 3.7295
75.8988, 1.6634
75.9188, 0.9842
75.9388, 2.1903
75.9588, 2.3473
75.9789, 2.5051
75.9989, 0.0000
76.0189, 5.0003
76.0389, 3.0240
76.0589, 1.7259
76.0789, 1.2178
76.0989, 2.8824
76.1189, 2.4024
76.1389, 2.0089
76.1589, 2.3662
76.1789, 1.8090
76.1989, 2.3111
76.2189, 2.6277
76.2389, 2.2540
76.2589, 2.2028
76.2789, 3.2781
76.2989, 0.3605
76.3189, 1.1404
76.3390, 1.9449
76.3590, 1.2067
76.3790, 1.5325
76.3990, 3.1755
76.4190, 1.7736
76.4390, 0.1340
76.4590, 1.5058
76.4790, 1.9757
76.4990, 1.9577
76.5190, 2.4615
76.5390, 2.3819
76.5590, 1.7835
76.5790, 0.7548
76.5990, 1.4885
76.6190, 1.3112
76.6390, 1.6407
76.6590, 2.5934
76.6791, 2.3133
76.6991, 2.7230
76.7191, 1.5442
76.7391, 3.3908
76.7591, 2.5755
76.7791, 2.0285
76.7991, 2.5077
76.8191, 1.2595
76.8391, 0.0000
76.8591, 1.3269
76.8791, 2.6483
76.8991, 1.9972
76.9191, 1.7854
76.9391, 1.0916
76.9591, 0.0104
76.9791, 3.3093
76.9991, 1.7161
77.0191, 1.4998
77.0392, 1.2635
77.0592, 3.1431
77.0792, 2.7790
77.0992, 0.9751
77.1192, 3.0553
77.1392, 1.7774
77.1592, 1.3232
77.1792, 1.6324
77.1992, 1.1546
77.2192, 0.6300
77.2392, 2.6763
77.2592, 1.7036
77.2792, 2.5212
77.2992, 2.1992
77.3192, 2.4542
77.3392, 0.0000
77.3592, 1.0732
77.3793, 2.4745
77.3993, 0.6750
77.4193, 2.2830
77.4393, 0.5619
77.4593, 1.9350
77.4793, 3.4900
77.4993, 2.6748
77.5193, 0.1130
77.5393, 2.7468
77.5593, 3.6971
77.5793, 4.6483
77.5993, 2.3825
77.6193, 0.5875
77.6393, 2.3431
77.6593, 3.4764
77.6793, 1.7364
77.6993, 2.9368
77.7193, 1.0997
77.7394, 2.2823
77.7594, 0.0000
77.7794, 0.9916
77.7994, 1.9130
77.8194, 1.5644
77.8394, 0.6498
77.8594, 1.4314
77.8794, 2.2406
77.8994, 1.8348
77.9194, 1.9784
77.9394, 2.6332
77.9594, 1.5841
77.9794, 3.2452
77.9994, 0.9536
78.0194, 3.8003
78.0394, 3.0051
78.0594, 1.5716
78.0795, 1.6366
78.0995, 2.1207
78.1195, 2.5031
78.1395, 2.9870
78.1595, 0.6108
78.1795, 2.3458
78.1995, 0.0000
78.2195, 1.7459
78.2395, 3.3377
78.2595, 0.5356
78.2795, 0.3584
78.2995, 2.1344
78.3195, 3.2728
78.3395, 2.2365
78.3595, 0.0604
78.3795, 0.2765
78.3995, 2.0143
78.4195, 0.7682
78.4396, 2.0523
78.4596, 2.1102
78.4796, 1.4410
78.4996, 3.6898
78.5196, 2.4951
78.5396, 3.1012
78.5596, 2.8173
78.5796, 1.7725
78.5996, 1.7292
78.6196, 1.6285
78.6396, 2.5836
78.6596, 1.2843
78.6796, 3.6022
78.6996, 1.1911
78.7196, 2.1282
78.7396, 1.6954
78.7596, 1.4791
78.7797, 4.0387
78.7997, 1.4905
78.8197, 1.6216
78.8397, 1.2709
78.8597, 1.9590
78.8797, 1.8201
78.8997, 0.8268
78.9197, 1.5048
78.9397, 2.5139
78.9597, 2.9211
78.9797, 1.9424
78.9997, 1.9765
79.0197, 1.5667
79.0397, 1.4287
79.0597, 1.0216
79.0797, 0.4000
79.0997, 1.2335
79.1197, 2.8011
79.1398, 1.5048
79.1598, 1.5813
79.1798, 1.5623
79.1998, 3.1335
79.2198, 1.0130
79.2398, 2.1893
79.2598, 1.8521
79.2798, 1.9852
79.2998, 2.1574
79.3198, 1.9747
79.3398, 2.6928
79.3598, 1.8904
79.3798, 3.6211
79.3998, 1.9623
79.4198, 0.2567
79.4398, 2.5418
79.4598, 2.3016
79.4799, 1.9507
79.4999, 1.6657
79.5199, 0.0000
79.5399, 0.0192
79.5599, 3.5266
79.5799, 1.3476
79.5999, 2.8612
79.6199, 0.3547
79.6399, 0.8974
79.6599, 2.5812
79.6799, 1.8189
79.6999, 2.4436
79.7199, 1.9056
79.7399, 1.7163
79.7599, 1.2554
79.7799, 0.7538
79.7999, 3.2877
79.8199, 3.4483
79.8400, 0.9054
79.8600, 0.8416
79.8800, 1.5796
79.9000, 2.2511
79.9200, 1.7415
79.9400, 2.4064
79.9600, 1.8709
79.9800, 1.8071
80.0000, 4.2736
