##NAMES=Quartz Annealed Sample 02
##RRUFFID=SYN000002
##SOURCE=Synthetic — systematic FWHM broadening demo
##X-RAY WAVELENGTH=1.54056
##FWHM_NOMINAL=0.1000
##END=
10.0000, 1.7059
10.0200, 3.2480
10.0400, 2.5720
10.0600, 0.7732
10.0800, 2.1048
10.1000, 3.5691
10.1200, 1.7673
10.1400, 2.3867
10.1600, 2.4834
10.1801, 0.9247
10.2001, 2.4488
10.2201, 0.5729
10.2401, 1.3295
10.2601, 3.0053
10.2801, 2.2971
10.3001, 1.6459
10.3201, 2.3855
10.3401, 1.8866
10.3601, 1.9581
10.3801, 2.5927
10.4001, 1.2293
10.4201, 1.9855
10.4401, 1.6382
10.4601, 0.3840
10.4801, 1.0392
10.5001, 3.4904
10.5201, 2.3247
10.5402, 0.6421
10.5602, 0.4286
10.5802, 1.8353
10.6002, 3.4834
10.6202, 1.7618
10.6402, 3.2331
10.6602, 2.2924
10.6802, 2.4099
10.7002, 0.6301
10.7202, 2.8692
10.7402, 1.6159
10.7602, 2.7959
10.7802, 1.1438
10.8002, 2.1201
10.8202, 2.2925
10.8402, 1.7940
10.8602, 2.3442
10.8803, 1.6834
10.9003, 1.3065
10.9203, 3.5271
10.9403, 2.9789
10.9603, 1.1963
10.9803, 2.5056
11.0003, 1.2143
11.0203, 0.7789
11.0403, 2.9640
11.0603, 0.2673
11.0803, 2.8587
11.1003, 1.6968
11.1203, 1.7374
11.1403, 2.3493
11.1603, 2.5182
11.1803, 1.1319
11.2003, 2.6527
11.2203, 2.0574
11.2404, 0.7086
11.2604, 1.7784
11.2804, 3.3062
11.3004, 3.5971
11.3204, 2.6523
11.3404, 0.7733
11.3604, 2.4290
11.3804, 2.7838
11.4004, 2.6605
11.4204, 2.7189
11.4404, 2.3035
11.4604, 1.8744
11.4804, 1.3465
11.5004, 0.0764
11.5204, 2.2803
11.5404, 2.1290
11.5604, 2.4949
11.5805, 0.6283
11.6005, 2.5811
11.6205, 3.9694
11.6405, 2.0230
11.6605, 1.8850
11.6805, 2.2501
11.7005, 3.9475
11.7205, 0.9375
11.7405, 2.1459
11.7605, 1.1581
11.7805, 1.4070
11.8005, 1.8969
11.8205, 3.2728
11.8405, 3.7196
11.8605, 2.3871
11.8805, 1.5748
11.9005, 4.4010
11.9205, 1.5246
11.9406, 1.3832
11.9606, 0.1975
11.9806, 3.3208
12.0006, 2.8994
12.0206, 4.3272
12.0406, 0.5772
12.0606, 3.3820
12.0806, 2.0148
12.1006, 2.7397
12.1206, 0.3228
12.1406, 3.3917
12.1606, 2.7204
12.1806, 1.9074
12.2006, 2.5812
12.2206, 1.1918
12.2406, 1.3750
12.2606, 1.4893
12.2807, 0.1209
12.3007, 2.7945
12.3207, 3.1194
12.3407, 1.2550
12.3607, 2.2887
12.3807, 1.6842
12.4007, 2.2691
12.4207, 1.3276
12.4407, 1.0756
12.4607, 2.9820
12.4807, 1.8828
12.5007, 3.9374
12.5207, 1.9914
12.5407, 1.0336
12.5607, 3.1542
12.5807, 2.5671
12.6007, 2.6617
12.6207, 3.1184
12.6408, 1.3028
12.6608, 1.8204
12.6808, 1.7769
12.7008, 0.6744
12.7208, 1.6861
12.7408, 3.2620
12.7608, 2.1795
12.7808, 0.6200
12.8008, 0.4133
12.8208, 3.5855
12.8408, 1.8568
12.8608, 1.3081
12.8808, 1.6759
12.9008, 0.4907
12.9208, 3.3474
12.9408, 1.5586
12.9608, 3.2926
12.9809, 1.9966
13.0009, 3.3538
13.0209, 2.1986
13.0409, 2.7861
13.0609, 2.6540
13.0809, 2.5597
13.1009, 2.2885
13.1209, 1.7164
13.1409, 3.8324
13.1609, 1.0525
13.1809, 1.9500
13.2009, 1.9604
13.2209, 2.3421
13.2409, 1.5227
13.2609, 2.2558
13.2809, 1.7795
13.3009, 0.3876
13.3209, 1.9552
13.3410, 0.8618
13.3610, 0.2375
13.3810, 2.0806
13.4010, 2.4263
13.4210, 2.4645
13.4410, 2.5044
13.4610, 0.0423
13.4810, 0.6052
13.5010, 3.8896
13.5210, 0.9143
13.5410, 2.5474
13.5610, 1.2692
13.5810, 2.0242
13.6010, 1.3220
13.6210, 2.4988
13.6410, 2.0805
13.6610, 1.5042
13.6811, 0.9114
13.7011, 2.2095
13.7211, 0.7513
13.7411, 2.3668
13.7611, 4.5327
13.7811, 3.2756
13.8011, 2.6533
13.8211, 1.8614
13.8411, 0.0362
13.8611, 0.6434
13.8811, 3.2092
13.9011, 1.1679
13.9211, 1.2570
13.9411, 1.7826
13.9611, 0.8997
13.9811, 0.7375
14.0011, 1.8960
14.0211, 1.0676
14.0412, 1.2159
14.0612, 1.1763
14.0812, 2.4603
14.1012, 1.7171
14.1212, 1.7699
14.1412, 2.5337
14.1612, 1.8059
14.1812, 1.6717
14.2012, 2.4091
14.2212, 2.6039
14.2412, 1.8009
14.2612, 2.0251
14.2812, 1.1757
14.3012, 1.0980
14.3212, 2.7033
14.3412, 2.3840
14.3612, 2.3942
14.3813, 2.2224
14.4013, 1.9913
14.4213, 2.6317
14.4413, 2.8668
14.4613, 2.8433
14.4813, 1.8465
14.5013, 3.3119
14.5213, 2.1708
14.5413, 2.5686
14.5613, 2.2236
14.5813, 2.1890
14.6013, 1.2211
14.6213, 2.6365
14.6413, 4.7482
14.6613, 1.5766
14.6813, 2.0157
14.7013, 1.5063
14.7213, 1.4651
14.7414, 3.4670
14.7614, 1.2829
14.7814, 1.4788
14.8014, 0.3822
14.8214, 1.1995
14.8414, 0.2631
14.8614, 2.5680
14.8814, 4.7033
14.9014, 1.5846
14.9214, 0.3041
14.9414, 2.8322
14.9614, 1.2298
14.9814, 3.2255
15.0014, 1.6680
15.0214, 1.3235
15.0414, 1.7705
15.0614, 2.6921
15.0815, 1.7218
15.1015, 1.4565
15.1215, 1.7499
15.1415, 0.6930
15.1615, 2.3368
15.1815, 0.1859
15.2015, 1.5083
15.2215, 2.6937
15.2415, 2.2442
15.2615, 2.5272
15.2815, 1.8817
15.3015, 3.0979
15.3215, 2.8565
15.3415, 2.3852
15.3615, 2.8593
15.3815, 2.6849
15.4015, 1.5129
15.4215, 0.6221
15.4416, 2.3598
15.4616, 2.4836
15.4816, 3.0198
15.5016, 1.0235
15.5216, 1.0530
15.5416, 2.3987
15.5616, 1.8757
15.5816, 0.0884
15.6016, 2.3152
15.6216, 0.1212
15.6416, 1.0147
15.6616, 3.2771
15.6816, 3.7432
15.7016, 0.7484
15.7216, 1.6213
15.7416, 1.9877
15.7616, 3.7002
15.7817, 1.4603
15.8017, 1.4761
15.8217, 3.4712
15.8417, 1.5766
15.8617, 2.6571
15.8817, 0.4909
15.9017, 1.7771
15.9217, 0.3111
15.9417, 0.9062
15.9617, 2.7723
15.9817, 1.8966
16.0017, 1.6315
16.0217, 1.2083
16.0417, 1.7284
16.0617, 2.2423
16.0817, 2.9139
16.1017, 0.0000
16.1217, 1.1265
16.1418, 2.1025
16.1618, 1.8484
16.1818, 2.3431
16.2018, 2.2093
16.2218, 1.6455
16.2418, 1.4268
16.2618, 1.7039
16.2818, 3.0772
16.3018, 1.2248
16.3218, 1.8839
16.3418, 2.1263
16.3618, 3.4826
16.3818, 1.6500
16.4018, 2.8901
16.4218, 3.1592
16.4418, 1.8830
16.4618, 1.7382
16.4819, 1.6217
16.5019, 1.6938
16.5219, 2.7871
16.5419, 2.1733
16.5619, 2.1775
16.5819, 0.8375
16.6019, 0.9928
16.6219, 4.0569
16.6419, 1.7706
16.6619, 1.1826
16.6819, 3.3553
16.7019, 2.2233
16.7219, 2.5152
16.7419, 1.8098
16.7619, 1.6319
16.7819, 1.7787
16.8019, 0.5838
16.8219, 1.8592
16.8420, 2.2373
16.8620, 3.7684
16.8820, 2.0305
16.9020, 0.0000
16.9220, 1.8532
16.9420, 4.6440
16.9620, 2.7991
16.9820, 1.1471
17.0020, 2.5280
17.0220, 1.2149
17.0420, 0.6123
17.0620, 1.6026
17.0820, 2.0359
17.1020, 0.1018
17.1220, 0.8139
17.1420, 1.9559
17.1620, 1.5437
17.1821, 2.3346
17.2021, 0.7494
17.2221, 2.6491
17.2421, 0.7798
17.2621, 3.5638
17.2821, 0.2558
17.3021, 0.8696
17.3221, 2.3568
17.3421, 3.5849
17.3621, 2.2561
17.3821, 2.5001
17.4021, 1.9630
17.4221, 0.9348
17.4421, 1.4630
17.4621, 0.7521
17.4821, 0.6863
17.5021, 2.3415
17.5221, 0.8395
17.5422, 2.2605
17.5622, 0.6635
17.5822, 2.2377
17.6022, 1.4644
17.6222, 3.3312
17.6422, 2.2646
17.6622, 3.1629
17.6822, 1.2015
17.7022, 2.0011
17.7222, 0.9794
17.7422, 1.5384
17.7622, 1.6876
17.7822, 1.2308
17.8022, 0.7486
17.8222, 0.5535
17.8422, 0.0000
17.8622, 0.9053
17.8823, 2.5638
17.9023, 0.3713
17.9223, 0.5982
17.9423, 3.7097
17.9623, 1.3188
17.9823, 2.2620
18.0023, 2.5784
18.0223, 2.5983
18.0423, 0.4464
18.0623, 1.7182
18.0823, 0.3519
18.1023, 4.3552
18.1223, 0.3749
18.1423, 0.9137
18.1623, 0.9208
18.1823, 0.4716
18.2023, 3.2780
18.2223, 4.3317
18.2424, 1.4772
18.2624, 0.6452
18.2824, 0.0000
18.3024, 1.7053
18.3224, 1.6342
18.3424, 1.3043
18.3624, 2.1638
18.3824, 2.3350
18.4024, 2.2640
18.4224, 1.6344
18.4424, 0.8607
18.4624, 2.6016
18.4824, 1.9581
18.5024, 2.8207
18.5224, 2.7239
18.5424, 0.5454
18.5624, 0.5331
18.5825, 1.2016
18.6025, 0.9054
18.6225, 2.6896
18.6425, 2.2918
18.6625, 3.0284
18.6825, 2.3363
18.7025, 2.1513
18.7225, 3.1274
18.7425, 2.4084
18.7625, 2.0128
18.7825, 3.4039
18.8025, 2.0592
18.8225, 1.6460
18.8425, 1.1205
18.8625, 2.6382
18.8825, 3.1642
18.9025, 1.8959
18.9225, 3.2340
18.9426, 0.0054
18.9626, 1.8911
18.9826, 1.9063
19.0026, 1.2297
19.0226, 4.2937
19.0426, 1.8806
19.0626, 1.5442
19.0826, 1.9713
19.1026, 0.0000
19.1226, 1.1973
19.1426, 2.9142
19.1626, 1.3263
19.1826, 1.1294
19.2026, 3.2356
19.2226, 3.2658
19.2426, 2.4550
19.2626, 1.4975
19.2827, 1.7099
19.3027, 1.1537
19.3227, 0.9660
19.3427, 0.9171
19.3627, 1.3370
19.3827, 0.9266
19.4027, 0.4056
19.4227, 2.1619
19.4427, 2.1768
19.4627, 3.6209
19.4827, 1.2875
19.5027, 2.2374
19.5227, 2.2538
19.5427, 1.6957
19.5627, 2.6789
19.5827, 2.7093
19.6027, 2.2682
19.6227, 1.6940
19.6428, 1.5936
19.6628, 0.5986
19.6828, 1.1520
19.7028, 1.3331
19.7228, 0.8387
19.7428, 2.3791
19.7628, 3.1244
19.7828, 1.0514
19.8028, 2.2249
19.8228, 0.9272
19.8428, 1.6454
19.8628, 1.2658
19.8828, 2.5386
19.9028, 1.2772
19.9228, 2.9422
19.9428, 1.7037
19.9628, 1.3059
19.9829, 0.7113
20.0029, 2.1951
20.0229, 2.8275
20.0429, 2.2150
20.0629, 4.1509
20.0829, 3.3540
20.1029, 1.6429
20.1229, 1.6325
20.1429, 2.4084
20.1629, 1.1204
20.1829, 3.0945
20.2029, 2.3019
20.2229, 2.1984
20.2429, 2.6224
20.2629, 3.6426
20.2829, 2.1141
20.3029, 1.8344
20.3229, 3.4318
20.3430, 2.8987
20.3630, 1.6296
20.3830, 1.9509
20.4030, 2.1382
20.4230, 2.3021
20.4430, 0.6096
20.4630, 0.4265
20.4830, 1.0717
20.5030, 0.9955
20.5230, 1.3116
20.5430, 2.5709
20.5630, 1.7794
20.5830, 2.1392
20.6030, 0.7399
20.6230, 1.4911
20.6430, 2.5242
20.6630, 2.5321
20.6831, 1.2349
20.7031, 2.1229
20.7231, 4.2028
20.7431, 2.3018
20.7631, 2.4857
20.7831, 4.9816
20.8031, 8.7738
20.8231, 13.1336
20.8431, 17.1944
20.8631, 17.0188
20.8831, 15.2603
20.9031, 11.6768
20.9231, 7.2628
20.9431, 3.8229
20.9631, 2.6380
20.9831, 2.2529
21.0031, 2.8782
21.0231, 1.8584
21.0432, 2.3404
21.0632, 1.4125
21.0832, 2.5093
21.1032, 2.3158
21.1232, 2.7985
21.1432, 2.6485
21.1632, 2.5256
21.1832, 1.8488
21.2032, 2.1870
21.2232, 2.9933
21.2432, 1.3035
21.2632, 1.3268
21.2832, 2.1245
21.3032, 2.3548
21.3232, 1.1341
21.3432, 1.8721
21.3632, 1.8532
21.3833, 0.0000
21.4033, 1.7295
21.4233, 1.7908
21.4433, 1.7879
21.4633, 3.3404
21.4833, 0.7483
21.5033, 1.1335
21.5233, 0.0000
21.5433, 1.4721
21.5633, 1.5561
21.5833, 1.4435
21.6033, 3.0368
21.6233, 2.7934
21.6433, 2.0224
21.6633, 1.5807
21.6833, 2.9565
21.7033, 1.9263
21.7233, 1.1398
21.7434, 0.2553
21.7634, 1.5111
21.7834, 2.6890
21.8034, 4.1880
21.8234, 2.0064
21.8434, 1.1919
21.8634, 0.7786
21.8834, 2.4894
21.9034, 0.2077
21.9234, 2.4878
21.9434, 2.7512
21.9634, 2.3755
21.9834, 1.7294
22.0034, 2.5022
22.0234, 2.1141
22.0434, 1.1793
22.0634, 3.7683
22.0835, 1.5994
22.1035, 2.7098
22.1235, 0.0000
22.1435, 3.2030
22.1635, 3.3924
22.1835, 1.9751
22.2035, 2.4961
22.2235, 2.4959
22.2435, 1.3126
22.2635, 2.4846
22.2835, 1.1493
22.3035, 1.3462
22.3235, 3.0557
22.3435, 2.9057
22.3635, 1.2500
22.3835, 1.2232
22.4035, 1.3099
22.4235, 2.6674
22.4436, 0.9608
22.4636, 2.2971
22.4836, 2.6814
22.5036, 1.8588
22.5236, 2.9406
22.5436, 1.6460
22.5636, 1.7351
22.5836, 0.9832
22.6036, 2.9476
22.6236, 1.1908
22.6436, 2.2903
22.6636, 1.8755
22.6836, 0.9088
22.7036, 1.3458
22.7236, 3.3078
22.7436, 2.1444
22.7636, 0.9518
22.7837, 2.2465
22.8037, 1.8018
22.8237, 5.3478
22.8437, 2.2266
22.8637, 1.5709
22.8837, 3.3444
22.9037, 0.1324
22.9237, 2.0387
22.9437, 3.9102
22.9637, 1.8313
22.9837, 0.2385
23.0037, 1.5558
23.0237, 3.3784
23.0437, 2.3162
23.0637, 1.1195
23.0837, 1.2708
23.1037, 1.3945
23.1237, 2.3015
23.1438, 3.2638
23.1638, 2.9823
23.1838, 2.3949
23.2038, 0.6342
23.2238, 0.6378
23.2438, 2.4710
23.2638, 0.6205
23.2838, 1.7236
23.3038, 2.2453
23.3238, 0.8253
23.3438, 0.9369
23.3638, 1.8531
23.3838, 2.4418
23.4038, 2.9913
23.4238, 2.5437
23.4438, 2.0183
23.4638, 1.2108
23.4839, 0.8910
23.5039, 1.4426
23.5239, 2.3495
23.5439, 2.2773
23.5639, 0.0000
23.5839, 1.1719
23.6039, 3.1321
23.6239, 2.0238
23.6439, 0.5501
23.6639, 4.2661
23.6839, 1.9172
23.7039, 2.3243
23.7239, 2.3393
23.7439, 1.5837
23.7639, 1.2291
23.7839, 4.0355
23.8039, 2.9339
23.8239, 2.7553
23.8440, 2.5134
23.8640, 0.9575
23.8840, 3.2041
23.9040, 1.1153
23.9240, 2.2248
23.9440, 0.3310
23.9640, 0.0000
23.9840, 2.2593
24.0040, 1.1488
24.0240, 0.0000
24.0440, 2.4782
24.0640, 4.0339
24.0840, 3.3144
24.1040, 1.6923
24.1240, 1.9545
24.1440, 2.8201
24.1640, 3.0510
24.1841, 1.6074
24.2041, 1.9794
24.2241, 2.2418
24.2441, 2.4913
24.2641, 1.8147
24.2841, 1.8275
24.3041, 3.3048
24.3241, 3.1371
24.3441, 2.4160
24.3641, 3.6390
24.3841, 1.5651
24.4041, 3.5443
24.4241, 2.4801
24.4441, 5.1675
24.4641, 0.7712
24.4841, 1.2668
24.5041, 2.3582
24.5241, 2.3370
24.5442, 3.8665
24.5642, 1.2874
24.5842, 2.8370
24.6042, 3.0907
24.6242, 2.6398
24.6442, 0.9992
24.6642, 3.3323
24.6842, 3.1566
24.7042, 2.5363
24.7242, 2.1470
24.7442, 2.1685
24.7642, 1.8682
24.7842, 2.5769
24.8042, 1.9764
24.8242, 1.1100
24.8442, 0.9130
24.8642, 1.2050
24.8843, 2.1645
24.9043, 1.9192
24.9243, 2.1579
24.9443, 2.4390
24.9643, 1.3279
24.9843, 3.3893
25.0043, 1.6821
25.0243, 1.5189
25.0443, 2.4209
25.0643, 0.1369
25.0843, 1.1671
25.1043, 2.9121
25.1243, 0.2345
25.1443, 3.0465
25.1643, 3.4341
25.1843, 1.5819
25.2043, 2.2332
25.2243, 3.0480
25.2444, 1.4860
25.2644, 2.8005
25.2844, 1.2847
25.3044, 1.4753
25.3244, 1.1585
25.3444, 2.2832
25.3644, 3.0863
25.3844, 1.7644
25.4044, 0.6936
25.4244, 0.8793
25.4444, 2.3344
25.4644, 3.7621
25.4844, 2.3336
25.5044, 1.5647
25.5244, 2.7004
25.5444, 1.7099
25.5644, 1.5732
25.5845, 1.0017
25.6045, 3.3330
25.6245, 0.0000
25.6445, 2.7316
25.6645, 1.4890
25.6845, 1.5416
25.7045, 3.6126
25.7245, 1.2424
25.7445, 1.2759
25.7645, 1.8173
25.7845, 2.3534
25.8045, 1.5106
25.8245, 0.3956
25.8445, 1.0931
25.8645, 3.2078
25.8845, 2.0194
25.9045, 2.3901
25.9245, 1.6883
25.9446, 1.2962
25.9646, 3.5981
25.9846, 1.7604
26.0046, 1.5091
26.0246, 3.0254
26.0446, 1.2343
26.0646, 1.3600
26.0846, 1.9558
26.1046, 1.9460
26.1246, 2.2015
26.1446, 4.0059
26.1646, 2.2769
26.1846, 0.0000
26.2046, 2.2671
26.2246, 1.9831
26.2446, 1.9886
26.2646, 2.1880
26.2847, 1.9175
26.3047, 1.8939
26.3247, 2.5496
26.3447, 1.4118
26.3647, 1.0123
26.3847, 4.9240
26.4047, 1.2407
26.4247, 2.0445
26.4447, 0.4734
26.4647, 2.0676
26.4847, 1.0765
26.5047, 1.7895
26.5247, 4.2290
26.5447, 6.9150
26.5647, 15.4660
26.5847, 30.0705
26.6047, 58.8926
26.6247, 82.2964
26.6448, 100.0000
26.6648, 94.5362
26.6848, 72.0989
26.7048, 43.4505
26.7248, 22.7368
26.7448, 9.5411
26.7648, 4.4946
26.7848, 2.3309
26.8048, 0.0645
26.8248, 3.0710
26.8448, 1.8685
26.8648, 1.4685
26.8848, 1.3939
26.9048, 2.2988
26.9248, 1.0655
26.9448, 0.0000
26.9648, 2.3468
26.9849, 2.4570
27.0049, 1.7491
27.0249, 0.8151
27.0449, 2.0334
27.0649, 0.5033
27.0849, 0.9340
27.1049, 1.2064
27.1249, 2.7770
27.1449, 1.5886
27.1649, 1.5046
27.1849, 3.8710
27.2049, 2.2929
27.2249, 2.2796
27.2449, 1.5816
27.2649, 1.3584
27.2849, 0.0000
27.3049, 2.8999
27.3249, 2.3873
27.3450, 1.7693
27.3650, 1.8106
27.3850, 2.6708
27.4050, 0.4145
27.4250, 1.3648
27.4450, 0.8266
27.4650, 3.6906
27.4850, 2.8082
27.5050, 0.0000
27.5250, 0.4548
27.5450, 1.8154
27.5650, 1.4804
27.5850, 0.6413
27.6050, 3.8612
27.6250, 2.2536
27.6450, 2.4134
27.6650, 1.2642
27.6851, 2.6572
27.7051, 1.5710
27.7251, 1.6667
27.7451, 2.5476
27.7651, 0.3413
27.7851, 3.5187
27.8051, 2.1254
27.8251, 3.2074
27.8451, 0.8865
27.8651, 1.0365
27.8851, 0.8013
27.9051, 2.1923
27.9251, 2.0107
27.9451, 1.4883
27.9651, 0.9470
27.9851, 0.6982
28.0051, 1.8980
28.0252, 1.4872
28.0452, 1.2705
28.0652, 3.4696
28.0852, 1.8647
28.1052, 3.1967
28.1252, 1.4205
28.1452, 2.1868
28.1652, 1.8911
28.1852, 0.2737
28.2052, 3.3526
28.2252, 1.8126
28.2452, 2.6809
28.2652, 1.2050
28.2852, 1.7834
28.3052, 1.0920
28.3252, 3.1631
28.3452, 2.2525
28.3652, 2.3073
28.3853, 3.2835
28.4053, 3.0847
28.4253, 2.6996
28.4453, 0.5454
28.4653, 1.2605
28.4853, 0.9570
28.5053, 2.6623
28.5253, 2.1138
28.5453, 0.5762
28.5653, 1.7599
28.5853, 0.4741
28.6053, 1.8934
28.6253, 0.3153
28.6453, 2.4666
28.6653, 2.3180
28.6853, 3.8250
28.7053, 2.7809
28.7254, 1.5292
28.7454, 2.7515
28.7654, 0.5691
28.7854, 0.9978
28.8054, 2.2739
28.8254, 0.0000
28.8454, 1.9092
28.8654, 0.9409
28.8854, 2.0455
28.9054, 0.8842
28.9254, 2.3636
28.9454, 1.9648
28.9654, 3.3250
28.9854, 1.9524
29.0054, 1.1887
29.0254, 1.7026
29.0454, 0.6218
29.0654, 2.3458
29.0855, 2.5267
29.1055, 4.3778
29.1255, 1.3333
29.1455, 1.6820
29.1655, 1.3787
29.1855, 2.1547
29.2055, 2.3217
29.2255, 1.8932
29.2455, 3.0157
29.2655, 1.3381
29.2855, 2.9171
29.3055, 2.4761
29.3255, 1.9339
29.3455, 1.6356
29.3655, 4.3359
29.3855, 1.1410
29.4055, 2.2392
29.4256, 1.2068
29.4456, 3.7045
29.4656, 2.8192
29.4856, 1.2776
29.5056, 2.4506
29.5256, 2.1996
29.5456, 1.4369
29.5656, 2.6925
29.5856, 2.3292
29.6056, 2.1582
29.6256, 1.9045
29.6456, 2.3703
29.6656, 2.1717
29.6856, 2.0040
29.7056, 1.3144
29.7256, 3.6140
29.7456, 0.9111
29.7656, 2.3670
29.7857, 1.6303
29.8057, 3.6788
29.8257, 1.0559
29.8457, 1.2216
29.8657, 0.9905
29.8857, 2.2643
29.9057, 0.5934
29.9257, 1.4744
29.9457, 0.0000
29.9657, 2.1826
29.9857, 1.4531
30.0057, 0.4801
30.0257, 3.0150
30.0457, 0.6578
30.0657, 2.7307
30.0857, 1.2553
30.1057, 3.5232
30.1258, 2.6840
30.1458, 0.9529
30.1658, 1.0425
30.1858, 2.5422
30.2058, 1.6873
30.2258, 1.7790
30.2458, 3.1988
30.2658, 1.2083
30.2858, 2.0357
30.3058, 2.8860
30.3258, 2.7427
30.3458, 1.7885
30.3658, 1.6612
30.3858, 0.2331
30.4058, 0.9054
30.4258, 2.2593
30.4458, 1.8099
30.4658, 2.0196
30.4859, 2.9694
30.5059, 0.7763
30.5259, 1.7131
30.5459, 2.1316
30.5659, 1.2522
30.5859, 3.3557
30.6059, 2.8407
30.6259, 2.2315
30.6459, 3.7130
30.6659, 0.4694
30.6859, 1.9381
30.7059, 2.3066
30.7259, 1.0450
30.7459, 2.2419
30.7659, 0.8558
30.7859, 2.6259
30.8059, 2.9877
30.8260, 2.2140
30.8460, 0.1209
30.8660, 0.9935
30.8860, 2.5020
30.9060, 1.9666
30.9260, 0.0000
30.9460, 3.1699
30.9660, 2.0804
30.9860, 1.1390
31.0060, 2.9257
31.0260, 1.2784
31.0460, 1.2677
31.0660, 2.2987
31.0860, 3.7000
31.1060, 3.5449
31.1260, 2.3001
31.1460, 2.4012
31.1660, 2.7253
31.1861, 0.7077
31.2061, 2.5802
31.2261, 1.2227
31.2461, 2.2594
31.2661, 1.7217
31.2861, 2.4394
31.3061, 2.0621
31.3261, 0.0000
31.3461, 2.1220
31.3661, 2.5782
31.3861, 2.3850
31.4061, 1.8447
31.4261, 3.5632
31.4461, 2.2524
31.4661, 2.3768
31.4861, 2.9745
31.5061, 2.3029
31.5262, 1.0613
31.5462, 0.0000
31.5662, 1.4758
31.5862, 2.6952
31.6062, 1.5980
31.6262, 2.7349
31.6462, 2.0922
31.6662, 3.2144
31.6862, 1.6550
31.7062, 2.4063
31.7262, 2.4440
31.7462, 3.4247
31.7662, 0.2648
31.7862, 1.4942
31.8062, 2.7815
31.8262, 3.4684
31.8462, 2.1822
31.8662, 1.6575
31.8863, 2.6915
31.9063, 2.8014
31.9263, 1.5915
31.9463, 2.2711
31.9663, 3.1085
31.9863, 3.8078
32.0063, 2.6772
32.0263, 1.9892
32.0463, 1.8925
32.0663, 2.4948
32.0863, 1.8318
32.1063, 2.1325
32.1263, 0.9038
32.1463, 3.2233
32.1663, 0.8227
32.1863, 1.5201
32.2063, 2.0419
32.2264, 3.9068
32.2464, 1.5294
32.2664, 1.2898
32.2864, 1.4032
32.3064, 3.5797
32.3264, 0.0000
32.3464, 0.9581
32.3664, 4.6359
32.3864, 2.5277
32.4064, 0.8564
32.4264, 1.9045
32.4464, 2.0122
32.4664, 2.7791
32.4864, 3.7576
32.5064, 2.3285
32.5264, 1.4141
32.5464, 2.7210
32.5664, 1.2580
32.5865, 0.9280
32.6065, 0.2123
32.6265, 0.4042
32.6465, 1.0628
32.6665, 0.7857
32.6865, 2.2543
32.7065, 0.7644
32.7265, 0.0000
32.7465, 0.9176
32.7665, 1.4810
32.7865, 1.3494
32.8065, 3.4424
32.8265, 1.3414
32.8465, 2.8134
32.8665, 1.9271
32.8865, 1.9041
32.9065, 1.1230
32.9266, 1.8879
32.9466, 1.1922
32.9666, 2.1132
32.9866, 1.7131
33.0066, 1.0153
33.0266, 2.9227
33.0466, 2.3662
33.0666, 1.5044
33.0866, 2.0891
33.1066, 1.8632
33.1266, 1.0912
33.1466, 2.0152
33.1666, 1.3341
33.1866, 1.0150
33.2066, 0.3474
33.2266, 1.5925
33.2466, 2.5042
33.2666, 1.2616
33.2867, 4.4285
33.3067, 2.8181
33.3267, 3.2304
33.3467, 2.7290
33.3667, 3.7707
33.3867, 1.1706
33.4067, 0.0000
33.4267, 1.5063
33.4467, 2.4956
33.4667, 2.0950
33.4867, 2.2171
33.5067, 3.2468
33.5267, 2.3221
33.5467, 2.7326
33.5667, 1.0203
33.5867, 0.8669
33.6067, 3.5356
33.6268, 2.0451
33.6468, 1.3319
33.6668, 1.3337
33.6868, 1.3064
33.7068, 1.2475
33.7268, 0.6819
33.7468, 0.4679
33.7668, 1.7537
33.7868, 1.3618
33.8068, 3.0362
33.8268, 2.2344
33.8468, 2.2071
33.8668, 1.2138
33.8868, 1.8265
33.9068, 2.3013
33.9268, 2.6512
33.9468, 1.8533
33.9668, 3.0086
33.9869, 1.9536
34.0069, 2.7267
34.0269, 1.4633
34.0469, 0.1605
34.0669, 2.2101
34.0869, 2.6602
34.1069, 2.5124
34.1269, 2.3616
34.1469, 1.6024
34.1669, 1.1512
34.1869, 2.4892
34.2069, 2.3658
34.2269, 1.3933
34.2469, 3.0385
34.2669, 1.0762
34.2869, 1.3710
34.3069, 3.5575
34.3270, 2.8013
34.3470, 1.5931
34.3670, 2.2288
34.3870, 2.0982
34.4070, 0.0000
34.4270, 1.0529
34.4470, 1.8957
34.4670, 1.5945
34.4870, 2.1891
34.5070, 3.0582
34.5270, 1.6291
34.5470, 0.9040
34.5670, 2.2657
34.5870, 1.6240
34.6070, 1.7920
34.6270, 1.6584
34.6470, 4.1538
34.6670, 0.0000
34.6871, 1.5633
34.7071, 1.9421
34.7271, 1.1764
34.7471, 2.8320
34.7671, 2.7468
34.7871, 1.8987
34.8071, 1.6792
34.8271, 1.8355
34.8471, 1.8425
34.8671, 1.8686
34.8871, 1.7606
34.9071, 2.1944
34.9271, 2.6876
34.9471, 0.7340
34.9671, 0.9109
34.9871, 0.2236
35.0071, 2.7991
35.0272, 2.1923
35.0472, 2.4434
35.0672, 0.5378
35.0872, 3.7038
35.1072, 1.3461
35.1272, 2.1114
35.1472, 2.7873
35.1672, 0.9736
35.1872, 1.4077
35.2072, 2.1222
35.2272, 4.7602
35.2472, 2.2423
35.2672, 3.5279
35.2872, 3.1333
35.3072, 2.3082
35.3272, 0.9715
35.3472, 2.9896
35.3672, 0.4702
35.3873, 3.5225
35.4073, 2.1427
35.4273, 0.0000
35.4473, 1.6104
35.4673, 2.5899
35.4873, 1.7123
35.5073, 2.6500
35.5273, 1.1085
35.5473, 0.6594
35.5673, 1.8754
35.5873, 1.9768
35.6073, 1.6026
35.6273, 3.1546
35.6473, 1.1083
35.6673, 2.2542
35.6873, 2.0127
35.7073, 0.4125
35.7274, 0.6466
35.7474, 1.9575
35.7674, 3.8971
35.7874, 2.5163
35.8074, 0.2461
35.8274, 0.0000
35.8474, 2.6678
35.8674, 1.8510
35.8874, 3.0698
35.9074, 1.0783
35.9274, 2.2907
35.9474, 2.7792
35.9674, 1.5050
35.9874, 1.5261
36.0074, 1.9706
36.0274, 2.4803
36.0474, 1.9316
36.0674, 2.9051
36.0875, 1.4908
36.1075, 0.6374
36.1275, 3.8930
36.1475, 1.3502
36.1675, 1.3859
36.1875, 1.8809
36.2075, 2.0119
36.2275, 1.5649
36.2475, 1.9286
36.2675, 1.9066
36.2875, 2.1179
36.3075, 0.0000
36.3275, 3.7983
36.3475, 1.8010
36.3675, 2.5197
36.3875, 0.6008
36.4075, 1.5419
36.4276, 1.5172
36.4476, 4.1214
36.4676, 3.1856
36.4876, 6.3243
36.5076, 7.1200
36.5276, 8.9571
36.5476, 9.3638
36.5676, 9.5124
36.5876, 4.2374
36.6076, 2.8420
36.6276, 0.9546
36.6476, 1.1885
36.6676, 1.2315
36.6876, 0.3741
36.7076, 1.2259
36.7276, 0.0000
36.7476, 0.9431
36.7676, 3.1281
36.7877, 2.3433
36.8077, 2.1304
36.8277, 0.9581
36.8477, 0.4328
36.8677, 0.8237
36.8877, 1.9032
36.9077, 2.8009
36.9277, 2.8345
36.9477, 2.5669
36.9677, 1.2193
36.9877, 1.9699
37.0077, 1.6293
37.0277, 1.7476
37.0477, 3.9522
37.0677, 0.2103
37.0877, 1.7146
37.1077, 3.1393
37.1278, 0.5019
37.1478, 1.3117
37.1678, 1.4247
37.1878, 1.7258
37.2078, 0.3738
37.2278, 2.5321
37.2478, 2.6020
37.2678, 2.4465
37.2878, 1.0885
37.3078, 2.0310
37.3278, 1.0599
37.3478, 1.6182
37.3678, 4.0668
37.3878, 2.0400
37.4078, 0.7761
37.4278, 2.1234
37.4478, 0.6143
37.4678, 0.7648
37.4879, 0.9203
37.5079, 1.5081
37.5279, 2.8686
37.5479, 2.5154
37.5679, 2.4609
37.5879, 0.8634
37.6079, 1.4126
37.6279, 2.2137
37.6479, 1.3269
37.6679, 1.6716
37.6879, 2.3805
37.7079, 1.6022
37.7279, 2.1684
37.7479, 3.5145
37.7679, 1.7765
37.7879, 3.1073
37.8079, 2.4967
37.8280, 0.5006
37.8480, 0.8602
37.8680, 1.1247
37.8880, 1.1038
37.9080, 1.8568
37.9280, 2.5511
37.9480, 3.1820
37.9680, 2.2493
37.9880, 1.5068
38.0080, 0.0000
38.0280, 2.0153
38.0480, 1.9711
38.0680, 2.1259
38.0880, 4.0203
38.1080, 3.1677
38.1280, 2.7190
38.1480, 0.9982
38.1680, 1.4405
38.1881, 1.8523
38.2081, 1.1820
38.2281, 2.4387
38.2481, 2.2973
38.2681, 0.8738
38.2881, 3.1246
38.3081, 2.0465
38.3281, 0.2427
38.3481, 1.8952
38.3681, 2.2227
38.3881, 2.9039
38.4081, 1.6134
38.4281, 2.7612
38.4481, 2.1301
38.4681, 0.6505
38.4881, 0.5519
38.5081, 3.0514
38.5282, 3.1237
38.5482, 2.2638
38.5682, 3.4189
38.5882, 2.9865
38.6082, 2.6191
38.6282, 1.0482
38.6482, 3.6511
38.6682, 2.4740
38.6882, 1.5657
38.7082, 1.2875
38.7282, 2.1987
38.7482, 0.2999
38.7682, 2.6349
38.7882, 1.0065
38.8082, 2.3108
38.8282, 1.4320
38.8482, 1.6853
38.8682, 1.2002
38.8883, 1.7870
38.9083, 3.8067
38.9283, 3.3100
38.9483, 2.2949
38.9683, 1.9208
38.9883, 2.7772
39.0083, 3.0587
39.0283, 1.1284
39.0483, 1.8695
39.0683, 0.1512
39.0883, 3.0519
39.1083, 3.9797
39.1283, 2.0246
39.1483, 0.0000
39.1683, 2.5455
39.1883, 1.0553
39.2083, 1.2924
39.2284, 2.5629
39.2484, 2.1965
39.2684, 1.4651
39.2884, 1.3067
39.3084, 2.0746
39.3284, 1.5686
39.3484, 0.9660
39.3684, 2.0072
39.3884, 3.3551
39.4084, 4.1488
39.4284, 4.7691
39.4484, 8.9047
39.4684, 6.0536
39.4884, 7.7045
39.5084, 5.8568
39.5284, 4.7340
39.5484, 3.7356
39.5684, 3.5192
39.5885, 1.3833
39.6085, 2.5570
39.6285, 2.1451
39.6485, 0.2610
39.6685, 3.8178
39.6885, 0.5287
39.7085, 2.3589
39.7285, 2.3298
39.7485, 2.2172
39.7685, 1.4586
39.7885, 2.7606
39.8085, 0.4089
39.8285, 1.8809
39.8485, 1.3904
39.8685, 1.2787
39.8885, 2.3680
39.9085, 3.0070
39.9286, 1.6077
39.9486, 2.7147
39.9686, 1.9947
39.9886, 1.0665
40.0086, 1.6917
40.0286, 1.6508
40.0486, 1.2596
40.0686, 2.3678
40.0886, 2.1769
40.1086, 0.3797
40.1286, 0.3234
40.1486, 2.3869
40.1686, 1.2410
40.1886, 2.5811
40.2086, 3.6460
40.2286, 2.7489
40.2486, 4.1884
40.2686, 8.7391
40.2887, 8.1264
40.3087, 6.8329
40.3287, 4.8824
40.3487, 3.6906
40.3687, 1.8223
40.3887, 3.2082
40.4087, 1.2982
40.4287, 3.0510
40.4487, 1.5566
40.4687, 0.9189
40.4887, 1.5260
40.5087, 0.0000
40.5287, 1.8268
40.5487, 1.7782
40.5687, 2.7581
40.5887, 0.0878
40.6087, 3.0901
40.6288, 2.7540
40.6488, 3.1789
40.6688, 1.8938
40.6888, 2.9444
40.7088, 0.4967
40.7288, 2.6481
40.7488, 1.1862
40.7688, 0.3192
40.7888, 0.8385
40.8088, 1.9512
40.8288, 1.1339
40.8488, 2.3162
40.8688, 0.1647
40.8888, 0.0000
40.9088, 3.2975
40.9288, 2.8359
40.9488, 0.9123
40.9688, 1.9428
40.9889, 2.9499
41.0089, 2.3586
41.0289, 2.0917
41.0489, 3.0244
41.0689, 1.2260
41.0889, 1.9765
41.1089, 1.9282
41.1289, 1.6771
41.1489, 1.5618
41.1689, 2.0175
41.1889, 1.9796
41.2089, 0.9131
41.2289, 2.7355
41.2489, 0.9841
41.2689, 1.7308
41.2889, 1.6549
41.3089, 2.2985
41.3290, 0.0000
41.3490, 2.8233
41.3690, 1.2790
41.3890, 3.1474
41.4090, 1.4748
41.4290, 1.8976
41.4490, 3.8307
41.4690, 1.6726
41.4890, 3.1660
41.5090, 1.9842
41.5290, 2.3549
41.5490, 2.0147
41.5690, 2.7808
41.5890, 1.2705
41.6090, 0.9765
41.6290, 1.3168
41.6490, 2.0440
41.6690, 1.7283
41.6891, 2.6453
41.7091, 3.2308
41.7291, 0.9846
41.7491, 1.2229
41.7691, 0.5311
41.7891, 3.9456
41.8091, 2.2458
41.8291, 2.4183
41.8491, 0.6257
41.8691, 1.9446
41.8891, 2.4473
41.9091, 1.6968
41.9291, 3.0053
41.9491, 4.2228
41.9691, 1.0130
41.9891, 0.9391
42.0091, 1.0812
42.0292, 3.5278
42.0492, 2.9724
42.0692, 1.8123
42.0892, 1.9818
42.1092, 1.1415
42.1292, 2.8224
42.1492, 1.5716
42.1692, 1.6896
42.1892, 2.5454
42.2092, 1.7606
42.2292, 1.7143
42.2492, 1.9563
42.2692, 2.7300
42.2892, 3.5735
42.3092, 2.5544
42.3292, 2.8735
42.3492, 2.2153
42.3692, 2.5250
42.3893, 5.3878
42.4093, 7.0268
42.4293, 7.4530
42.4493, 9.4045
42.4693, 8.8852
42.4893, 6.5169
42.5093, 6.3421
42.5293, 3.7800
42.5493, 3.8039
42.5693, 2.3556
42.5893, 2.0617
42.6093, 1.0301
42.6293, 1.9585
42.6493, 1.9587
42.6693, 0.5992
42.6893, 1.4144
42.7093, 1.6273
42.7294, 2.3530
42.7494, 2.4002
42.7694, 1.3732
42.7894, 2.4076
42.8094, 1.7664
42.8294, 0.0000
42.8494, 1.4684
42.8694, 3.0085
42.8894, 0.2893
42.9094, 2.0567
42.9294, 3.5071
42.9494, 1.1966
42.9694, 1.9479
42.9894, 0.6614
43.0094, 3.5485
43.0294, 1.8637
43.0494, 1.9917
43.0694, 3.2797
43.0895, 2.5973
43.1095, 1.0833
43.1295, 1.3082
43.1495, 2.4332
43.1695, 1.3310
43.1895, 0.0000
43.2095, 1.8933
43.2295, 0.4878
43.2495, 3.5377
43.2695, 2.1199
43.2895, 1.0542
43.3095, 1.2576
43.3295, 0.0848
43.3495, 0.8628
43.3695, 2.9468
43.3895, 4.1439
43.4095, 2.6612
43.4296, 1.8551
43.4496, 1.5203
43.4696, 1.0037
43.4896, 3.9745
43.5096, 1.7598
43.5296, 4.0295
43.5496, 3.3183
43.5696, 0.2312
43.5896, 1.2898
43.6096, 1.2868
43.6296, 1.8671
43.6496, 1.8863
43.6696, 4.8969
43.6896, 0.8847
43.7096, 2.1713
43.7296, 2.5530
43.7496, 1.9442
43.7696, 2.0543
43.7897, 0.9167
43.8097, 2.0506
43.8297, 2.4495
43.8497, 2.2684
43.8697, 2.5074
43.8897, 3.3371
43.9097, 2.8686
43.9297, 2.0160
43.9497, 0.7916
43.9697, 1.3548
43.9897, 1.7294
44.0097, 2.1943
44.0297, 1.4746
44.0497, 1.0241
44.0697, 0.7754
44.0897, 0.3194
44.1097, 1.7143
44.1298, 0.4982
44.1498, 0.9603
44.1698, 1.5578
44.1898, 0.6300
44.2098, 2.3198
44.2298, 2.6748
44.2498, 1.4046
44.2698, 1.5153
44.2898, 2.4751
44.3098, 1.2425
44.3298, 1.1748
44.3498, 3.1242
44.3698, 2.8166
44.3898, 2.5382
44.4098, 2.8575
44.4298, 0.0000
44.4498, 3.2792
44.4698, 2.3319
44.4899, 2.9413
44.5099, 2.3271
44.5299, 1.9939
44.5499, 1.6746
44.5699, 2.3074
44.5899, 1.6387
44.6099, 2.8006
44.6299, 0.3832
44.6499, 1.4123
44.6699, 3.9598
44.6899, 1.3291
44.7099, 1.7107
44.7299, 1.0765
44.7499, 2.2765
44.7699, 1.2206
44.7899, 1.7629
44.8099, 2.7818
44.8300, 1.2575
44.8500, 2.7225
44.8700, 2.7556
44.8900, 2.9848
44.9100, 2.0842
44.9300, 5.1382
44.9500, 2.9844
44.9700, 2.2657
44.9900, 1.0830
45.0100, 1.8502
45.0300, 3.3506
45.0500, 3.6296
45.0700, 3.4018
45.0900, 2.7191
45.1100, 0.7090
45.1300, 2.4256
45.1500, 0.7230
45.1700, 0.4807
45.1901, 2.1813
45.2101, 2.4611
45.2301, 2.8355
45.2501, 2.4354
45.2701, 2.4693
45.2901, 0.9759
45.3101, 1.8424
45.3301, 0.4613
45.3501, 0.0000
45.3701, 2.6752
45.3901, 1.2040
45.4101, 2.8051
45.4301, 3.0374
45.4501, 1.3358
45.4701, 2.5272
45.4901, 1.2946
45.5101, 0.1277
45.5302, 2.0672
45.5502, 1.4820
45.5702, 1.5123
45.5902, 3.8914
45.6102, 0.4434
45.6302, 2.3261
45.6502, 0.9832
45.6702, 2.9131
45.6902, 2.4856
45.7102, 2.9853
45.7302, 2.4594
45.7502, 3.7008
45.7702, 6.3505
45.7902, 7.5813
45.8102, 5.8929
45.8302, 3.5460
45.8502, 3.7023
45.8702, 4.9894
45.8903, 2.2865
45.9103, 3.4562
45.9303, 1.2332
45.9503, 1.9074
45.9703, 2.5565
45.9903, 2.3372
46.0103, 1.1909
46.0303, 1.1484
46.0503, 2.9192
46.0703, 3.1194
46.0903, 3.4351
46.1103, 3.7225
46.1303, 2.0783
46.1503, 1.6392
46.1703, 3.2764
46.1903, 2.6481
46.2103, 0.9781
46.2304, 0.9277
46.2504, 2.4303
46.2704, 1.7711
46.2904, 1.9197
46.3104, 3.0021
46.3304, 2.6934
46.3504, 3.2556
46.3704, 0.0433
46.3904, 2.1953
46.4104, 2.6300
46.4304, 0.4422
46.4504, 1.3007
46.4704, 1.1179
46.4904, 1.9671
46.5104, 3.5491
46.5304, 3.9379
46.5504, 1.1437
46.5704, 2.4644
46.5905, 2.4961
46.6105, 2.3275
46.6305, 2.3387
46.6505, 2.2449
46.6705, 3.6079
46.6905, 3.0316
46.7105, 0.9016
46.7305, 2.7295
46.7505, 2.8247
46.7705, 2.2560
46.7905, 3.0601
46.8105, 2.1310
46.8305, 2.1432
46.8505, 2.0652
46.8705, 0.0000
46.8905, 1.8666
46.9105, 1.2876
46.9306, 0.7772
46.9506, 3.3582
46.9706, 2.4424
46.9906, 1.9164
47.0106, 1.3895
47.0306, 2.2375
47.0506, 2.9223
47.0706, 1.1312
47.0906, 1.9410
47.1106, 2.8008
47.1306, 0.0389
47.1506, 1.8891
47.1706, 1.5229
47.1906, 1.8139
47.2106, 1.4517
47.2306, 2.0813
47.2506, 3.8404
47.2706, 1.6267
47.2907, 2.2331
47.3107, 3.9105
47.3307, 1.4040
47.3507, 3.7331
47.3707, 1.9510
47.3907, 3.7008
47.4107, 2.6847
47.4307, 2.2482
47.4507, 1.8811
47.4707, 1.3311
47.4907, 2.0204
47.5107, 2.8296
47.5307, 1.9328
47.5507, 1.6339
47.5707, 1.6987
47.5907, 2.9233
47.6107, 3.1525
47.6308, 1.2886
47.6508, 1.2872
47.6708, 2.3194
47.6908, 3.4503
47.7108, 3.0745
47.7308, 0.7127
47.7508, 1.6857
47.7708, 1.0292
47.7908, 1.6823
47.8108, 3.5260
47.8308, 0.5446
47.8508, 0.3513
47.8708, 1.1297
47.8908, 2.2287
47.9108, 2.5572
47.9308, 2.3766
47.9508, 3.1037
47.9708, 0.2092
47.9909, 3.1162
48.0109, 1.6384
48.0309, 2.6662
48.0509, 0.6423
48.0709, 1.9506
48.0909, 2.1785
48.1109, 3.0841
48.1309, 0.3844
48.1509, 1.9760
48.1709, 0.8769
48.1909, 2.4436
48.2109, 2.7113
48.2309, 3.2135
48.2509, 1.4188
48.2709, 2.8590
48.2909, 3.2862
48.3109, 0.3272
48.3310, 2.5489
48.3510, 2.8898
48.3710, 1.6909
48.3910, 0.7532
48.4110, 2.8745
48.4310, 0.7643
48.4510, 1.7701
48.4710, 1.9062
48.4910, 2.6505
48.5110, 1.3286
48.5310, 1.2715
48.5510, 2.0432
48.5710, 2.9370
48.5910, 4.1988
48.6110, 0.4610
48.6310, 2.2563
48.6510, 0.8756
48.6710, 2.9492
48.6911, 1.0213
48.7111, 1.2813
48.7311, 1.3654
48.7511, 1.8707
48.7711, 2.2641
48.7911, 2.4222
48.8111, 1.9401
48.8311, 0.6359
48.8511, 2.6626
48.8711, 1.8936
48.8911, 3.0900
48.9111, 1.2487
48.9311, 0.3676
48.9511, 1.9122
48.9711, 3.2222
48.9911, 2.1043
49.0111, 1.7491
49.0312, 1.0885
49.0512, 3.6771
49.0712, 0.9317
49.0912, 1.2313
49.1112, 2.5072
49.1312, 0.1177
49.1512, 3.2012
49.1712, 2.5606
49.1912, 2.8314
49.2112, 2.4955
49.2312, 1.7871
49.2512, 0.8986
49.2712, 1.8078
49.2912, 0.9852
49.3112, 2.4246
49.3312, 2.7404
49.3512, 3.4003
49.3712, 2.3119
49.3913, 2.8564
49.4113, 1.6531
49.4313, 1.4747
49.4513, 2.4123
49.4713, 1.5651
49.4913, 2.2109
49.5113, 0.9005
49.5313, 1.0774
49.5513, 2.5716
49.5713, 2.8191
49.5913, 0.9749
49.6113, 2.6063
49.6313, 1.4210
49.6513, 1.9620
49.6713, 3.3414
49.6913, 2.7411
49.7113, 2.7296
49.7314, 3.8258
49.7514, 1.2525
49.7714, 0.9747
49.7914, 1.2345
49.8114, 1.6951
49.8314, 0.0000
49.8514, 1.7414
49.8714, 1.4094
49.8914, 2.7177
49.9114, 2.2929
49.9314, 1.3542
49.9514, 2.5275
49.9714, 2.6629
49.9914, 1.2166
50.0114, 1.5895
50.0314, 0.2357
50.0514, 2.3094
50.0714, 4.6514
50.0915, 8.5990
50.1115, 11.1054
50.1315, 13.8346
50.1515, 12.9331
50.1715, 11.7237
50.1915, 8.4303
50.2115, 5.4084
50.2315, 3.1996
50.2515, 0.8306
50.2715, 1.4398
50.2915, 1.5664
50.3115, 1.5522
50.3315, 2.0201
50.3515, 3.3499
50.3715, 2.7456
50.3915, 0.9731
50.4115, 2.6139
50.4316, 2.5764
50.4516, 1.1518
50.4716, 2.7818
50.4916, 1.7878
50.5116, 0.5570
50.5316, 2.3941
50.5516, 2.1595
50.5716, 1.7215
50.5916, 1.9089
50.6116, 1.2375
50.6316, 2.5467
50.6516, 1.9030
50.6716, 2.1097
50.6916, 2.2975
50.7116, 0.8086
50.7316, 1.0649
50.7516, 0.0000
50.7716, 2.5020
50.7917, 0.7518
50.8117, 2.0763
50.8317, 2.3112
50.8517, 2.5390
50.8717, 0.7599
50.8917, 1.8816
50.9117, 3.5909
50.9317, 3.6343
50.9517, 2.9182
50.9717, 2.2782
50.9917, 0.9558
51.0117, 2.6536
51.0317, 1.7901
51.0517, 2.4978
51.0717, 1.3224
51.0917, 1.7754
51.1117, 2.1074
51.1318, 2.1883
51.1518, 2.4320
51.1718, 1.3753
51.1918, 0.6227
51.2118, 3.5461
51.2318, 4.3975
51.2518, 2.3864
51.2718, 0.6417
51.2918, 1.1842
51.3118, 2.4472
51.3318, 3.2667
51.3518, 0.7511
51.3718, 1.8233
51.3918, 2.1387
51.4118, 2.7973
51.4318, 1.6073
51.4518, 0.4055
51.4718, 2.5576
51.4919, 3.0536
51.5119, 1.8644
51.5319, 2.3449
51.5519, 1.4784
51.5719, 1.1127
51.5919, 2.9567
51.6119, 2.3274
51.6319, 2.4287
51.6519, 3.4253
51.6719, 0.9068
51.6919, 1.4020
51.7119, 2.1013
51.7319, 1.3899
51.7519, 2.7171
51.7719, 1.7612
51.7919, 0.9682
51.8119, 2.0105
51.8320, 2.1135
51.8520, 2.8664
51.8720, 2.3330
51.8920, 2.4000
51.9120, 2.2612
51.9320, 1.7604
51.9520, 1.2403
51.9720, 2.2302
51.9920, 1.6176
52.0120, 3.6101
52.0320, 3.2677
52.0520, 2.5691
52.0720, 2.3185
52.0920, 1.8591
52.1120, 0.7036
52.1320, 1.7328
52.1520, 2.0456
52.1720, 2.1718
52.1921, 2.4082
52.2121, 2.8532
52.2321, 1.2640
52.2521, 1.2730
52.2721, 3.3748
52.2921, 2.7051
52.3121, 1.5609
52.3321, 1.8402
52.3521, 1.8446
52.3721, 1.9769
52.3921, 2.4113
52.4121, 4.4426
52.4321, 2.1327
52.4521, 2.5984
52.4721, 0.2847
52.4921, 1.4682
52.5121, 3.1561
52.5322, 2.3420
52.5522, 0.0000
52.5722, 2.6096
52.5922, 3.8350
52.6122, 0.0000
52.6322, 3.4423
52.6522, 0.0000
52.6722, 2.8696
52.6922, 1.9372
52.7122, 0.0000
52.7322, 2.3852
52.7522, 3.0793
52.7722, 2.3042
52.7922, 2.5218
52.8122, 1.5403
52.8322, 0.1124
52.8522, 2.6272
52.8722, 3.6692
52.8923, 3.0583
52.9123, 0.0000
52.9323, 0.4537
52.9523, 1.1125
52.9723, 0.3768
52.9923, 1.9893
53.0123, 2.3332
53.0323, 0.5370
53.0523, 2.7112
53.0723, 2.5378
53.0923, 1.4058
53.1123, 1.7758
53.1323, 0.0253
53.1523, 1.6185
53.1723, 1.9530
53.1923, 2.1120
53.2123, 2.3189
53.2324, 2.1863
53.2524, 1.6854
53.2724, 2.2276
53.2924, 2.9327
53.3124, 1.8517
53.3324, 2.2586
53.3524, 1.7624
53.3724, 1.3087
53.3924, 2.4608
53.4124, 1.3989
53.4324, 2.3261
53.4524, 1.9736
53.4724, 1.6464
53.4924, 1.6226
53.5124, 1.4453
53.5324, 0.3247
53.5524, 2.3229
53.5724, 2.1738
53.5925, 2.7826
53.6125, 1.4223
53.6325, 3.8126
53.6525, 1.5717
53.6725, 1.0838
53.6925, 0.9670
53.7125, 0.2379
53.7325, 3.4553
53.7525, 3.2962
53.7725, 2.5375
53.7925, 1.0632
53.8125, 3.7298
53.8325, 1.5993
53.8525, 1.6808
53.8725, 3.3614
53.8925, 2.5947
53.9125, 4.1137
53.9326, 2.1907
53.9526, 1.5547
53.9726, 1.3432
53.9926, 0.1266
54.0126, 1.6714
54.0326, 3.0731
54.0526, 2.5356
54.0726, 1.9658
54.0926, 0.9658
54.1126, 2.1692
54.1326, 2.9433
54.1526, 2.3700
54.1726, 2.1100
54.1926, 1.1608
54.2126, 2.7999
54.2326, 0.0000
54.2526, 2.3228
54.2726, 4.4774
54.2927, 0.4601
54.3127, 1.7080
54.3327, 1.9380
54.3527, 1.4901
54.3727, 2.9665
54.3927, 2.4111
54.4127, 2.0958
54.4327, 2.7310
54.4527, 1.9623
54.4727, 5.0777
54.4927, 2.0948
54.5127, 2.1381
54.5327, 0.2610
54.5527, 1.4105
54.5727, 3.0759
54.5927, 0.6304
54.6127, 0.0000
54.6328, 1.9776
54.6528, 3.2959
54.6728, 1.9876
54.6928, 1.6153
54.7128, 0.1194
54.7328, 2.4122
54.7528, 2.6833
54.7728, 0.4742
54.7928, 3.8087
54.8128, 4.2710
54.8328, 5.7130
54.8528, 6.1061
54.8728, 6.4725
54.8928, 5.8267
54.9128, 5.1411
54.9328, 1.4565
54.9528, 1.0477
54.9728, 1.4280
54.9929, 1.8771
55.0129, 2.3416
55.0329, 2.2680
55.0529, 3.0464
55.0729, 3.0770
55.0929, 1.0865
55.1129, 2.1807
55.1329, 1.1108
55.1529, 1.7610
55.1729, 2.2669
55.1929, 0.0000
55.2129, 4.4077
55.2329, 2.7890
55.2529, 2.1087
55.2729, 5.4218
55.2929, 4.2627
55.3129, 5.6663
55.3330, 5.3481
55.3530, 6.9353
55.3730, 4.1750
55.3930, 3.3892
55.4130, 3.7083
55.4330, 2.7278
55.4530, 1.9510
55.4730, 3.0529
55.4930, 4.4485
55.5130, 2.2587
55.5330, 2.0608
55.5530, 2.1138
55.5730, 3.2365
55.5930, 1.3556
55.6130, 1.6716
55.6330, 0.4315
55.6530, 0.7797
55.6730, 1.4358
55.6931, 1.8907
55.7131, 3.6882
55.7331, 2.4737
55.7531, 1.0474
55.7731, 1.2287
55.7931, 3.2998
55.8131, 3.0554
55.8331, 1.9735
55.8531, 1.5099
55.8731, 3.0538
55.8931, 0.9674
55.9131, 2.3319
55.9331, 4.1842
55.9531, 2.1480
55.9731, 1.1818
55.9931, 2.3499
56.0131, 1.4828
56.0332, 0.5726
56.0532, 2.6362
56.0732, 3.0468
56.0932, 1.6395
56.1132, 1.5742
56.1332, 0.9987
56.1532, 1.7981
56.1732, 1.3919
56.1932, 0.9499
56.2132, 3.8094
56.2332, 2.4052
56.2532, 2.5095
56.2732, 2.8159
56.2932, 2.7052
56.3132, 1.5389
56.3332, 2.2142
56.3532, 1.6808
56.3732, 2.3776
56.3933, 2.2823
56.4133, 1.5689
56.4333, 0.6365
56.4533, 2.0898
56.4733, 1.7446
56.4933, 0.0838
56.5133, 2.4458
56.5333, 2.8966
56.5533, 4.4360
56.5733, 1.5604
56.5933, 1.4152
56.6133, 0.8530
56.6333, 2.1513
56.6533, 2.1450
56.6733, 1.1467
56.6933, 1.7735
56.7133, 0.0000
56.7334, 2.8582
56.7534, 1.1867
56.7734, 1.9116
56.7934, 0.5405
56.8134, 1.3722
56.8334, 1.6704
56.8534, 1.9346
56.8734, 2.4183
56.8934, 3.3632
56.9134, 2.6674
56.9334, 2.8934
56.9534, 3.3701
56.9734, 2.5069
56.9934, 1.9096
57.0134, 2.9397
57.0334, 3.0026
57.0534, 2.5846
57.0734, 0.5130
57.0935, 1.1170
57.1135, 1.6750
57.1335, 2.7136
57.1535, 1.9247
57.1735, 3.0655
57.1935, 3.2412
57.2135, 3.1269
57.2335, 3.1331
57.2535, 0.9244
57.2735, 2.4211
57.2935, 1.3474
57.3135, 0.3215
57.3335, 1.6626
57.3535, 3.2505
57.3735, 2.3996
57.3935, 3.9332
57.4135, 2.1203
57.4336, 4.3567
57.4536, 2.1206
57.4736, 1.9679
57.4936, 0.6856
57.5136, 3.0396
57.5336, 1.4512
57.5536, 1.3084
57.5736, 3.2077
57.5936, 3.0865
57.6136, 3.0608
57.6336, 1.5890
57.6536, 1.8955
57.6736, 1.8868
57.6936, 2.7165
57.7136, 3.4759
57.7336, 2.3084
57.7536, 3.8909
57.7736, 2.8294
57.7937, 1.7145
57.8137, 2.7620
57.8337, 3.6260
57.8537, 3.9140
57.8737, 3.1148
57.8937, 1.9710
57.9137, 1.7323
57.9337, 2.5132
57.9537, 3.5945
57.9737, 2.3730
57.9937, 2.3934
58.0137, 1.9964
58.0337, 1.6228
58.0537, 1.7861
58.0737, 2.0791
58.0937, 3.6380
58.1137, 1.7096
58.1338, 1.9976
58.1538, 1.0934
58.1738, 2.6516
58.1938, 3.2919
58.2138, 3.5458
58.2338, 2.1461
58.2538, 2.5115
58.2738, 1.7945
58.2938, 2.4658
58.3138, 2.2550
58.3338, 2.0031
58.3538, 2.0814
58.3738, 2.3909
58.3938, 1.6560
58.4138, 1.7069
58.4338, 3.6274
58.4538, 4.6155
58.4738, 0.7595
58.4939, 0.7052
58.5139, 1.0030
58.5339, 1.8440
58.5539, 2.8280
58.5739, 2.5281
58.5939, 2.1152
58.6139, 2.4667
58.6339, 1.2641
58.6539, 1.7053
58.6739, 1.9260
58.6939, 0.3854
58.7139, 0.8019
58.7339, 0.8411
58.7539, 2.6984
58.7739, 2.1874
58.7939, 2.5476
58.8139, 0.1338
58.8340, 0.4845
58.8540, 2.5990
58.8740, 0.0000
58.8940, 3.1519
58.9140, 0.1499
58.9340, 2.7764
58.9540, 1.0705
58.9740, 2.9789
58.9940, 5.1056
59.0140, 0.0000
59.0340, 2.6307
59.0540, 0.1648
59.0740, 2.3661
59.0940, 1.7421
59.1140, 2.0736
59.1340, 1.0478
59.1540, 2.7145
59.1740, 0.5192
59.1941, 3.1687
59.2141, 1.5427
59.2341, 0.5642
59.2541, 3.5167
59.2741, 1.8794
59.2941, 3.8247
59.3141, 3.1487
59.3341, 1.1596
59.3541, 1.8620
59.3741, 2.0650
59.3941, 3.4491
59.4141, 2.3767
59.4341, 2.1194
59.4541, 1.7489
59.4741, 1.8960
59.4941, 3.2307
59.5141, 1.9494
59.5342, 1.5567
59.5542, 1.3897
59.5742, 1.4003
59.5942, 0.5648
59.6142, 1.2067
59.6342, 3.4216
59.6542, 1.7423
59.6742, 2.6396
59.6942, 0.0000
59.7142, 2.5055
59.7342, 1.7868
59.7542, 1.4716
59.7742, 2.1243
59.7942, 1.4598
59.8142, 0.0000
59.8342, 2.9147
59.8542, 2.4041
59.8742, 2.2699
59.8943, 2.4616
59.9143, 3.2215
59.9343, 6.2148
59.9543, 8.3553
59.9743, 6.7429
59.9943, 4.0954
60.0143, 4.3160
60.0343, 2.9461
60.0543, 3.2101
60.0743, 2.6733
60.0943, 0.0000
60.1143, 2.4894
60.1343, 0.9584
60.1543, 0.5456
60.1743, 1.7601
60.1943, 2.3505
60.2143, 0.3297
60.2344, 2.6397
60.2544, 2.6976
60.2744, 1.9920
60.2944, 1.0912
60.3144, 0.9811
60.3344, 2.9562
60.3544, 0.4573
60.3744, 2.9942
60.3944, 1.7830
60.4144, 1.8514
60.4344, 0.2634
60.4544, 1.8012
60.4744, 2.5501
60.4944, 0.6295
60.5144, 2.4369
60.5344, 2.0334
60.5544, 1.3117
60.5744, 2.7876
60.5945, 0.0000
60.6145, 2.2872
60.6345, 3.5408
60.6545, 3.3640
60.6745, 2.3297
60.6945, 1.6486
60.7145, 1.3195
60.7345, 1.6474
60.7545, 2.4814
60.7745, 1.1507
60.7945, 2.6918
60.8145, 4.0468
60.8345, 1.8848
60.8545, 0.6216
60.8745, 0.6213
60.8945, 2.7106
60.9145, 1.8869
60.9346, 2.8094
60.9546, 1.4202
60.9746, 2.7639
60.9946, 1.7898
61.0146, 1.2243
61.0346, 1.5508
61.0546, 0.7667
61.0746, 3.9052
61.0946, 1.8508
61.1146, 2.5806
61.1346, 1.4170
61.1546, 0.9097
61.1746, 1.7154
61.1946, 3.0304
61.2146, 1.4329
61.2346, 1.0883
61.2546, 2.0989
61.2746, 2.4373
61.2947, 3.5639
61.3147, 2.2942
61.3347, 2.5801
61.3547, 2.6542
61.3747, 0.8101
61.3947, 0.9969
61.4147, 0.8782
61.4347, 0.6337
61.4547, 2.7292
61.4747, 2.2314
61.4947, 2.0241
61.5147, 0.0000
61.5347, 3.9703
61.5547, 1.0649
61.5747, 3.9667
61.5947, 0.5183
61.6147, 1.1456
61.6348, 0.0000
61.6548, 2.3024
61.6748, 0.8611
61.6948, 0.8889
61.7148, 0.5939
61.7348, 2.7114
61.7548, 2.6465
61.7748, 3.7305
61.7948, 1.2704
61.8148, 2.1613
61.8348, 0.6758
61.8548, 1.6158
61.8748, 1.4347
61.8948, 2.4032
61.9148, 2.9475
61.9348, 2.9219
61.9548, 1.1156
61.9748, 2.9292
61.9949, 1.9023
62.0149, 1.6260
62.0349, 1.2479
62.0549, 1.3942
62.0749, 3.6618
62.0949, 2.2485
62.1149, 2.1177
62.1349, 1.6875
62.1549, 4.3549
62.1749, 3.2311
62.1949, 1.2355
62.2149, 1.6763
62.2349, 1.7347
62.2549, 2.0894
62.2749, 1.2551
62.2949, 2.3780
62.3149, 3.3760
62.3350, 0.6519
62.3550, 0.8346
62.3750, 1.4699
62.3950, 1.5155
62.4150, 3.9141
62.4350, 2.9324
62.4550, 2.8759
62.4750, 1.6854
62.4950, 1.6638
62.5150, 0.5159
62.5350, 2.7157
62.5550, 2.4294
62.5750, 3.2124
62.5950, 1.7381
62.6150, 1.8061
62.6350, 2.1132
62.6550, 2.8242
62.6751, 0.4977
62.6951, 2.6707
62.7151, 1.9256
62.7351, 0.9031
62.7551, 0.0000
62.7751, 1.8113
62.7951, 3.3717
62.8151, 3.5952
62.8351, 2.2958
62.8551, 3.8782
62.8751, 1.9035
62.8951, 2.8847
62.9151, 1.5013
62.9351, 1.4389
62.9551, 1.2784
62.9751, 0.0000
62.9951, 3.2135
63.0151, 1.3138
63.0352, 1.1564
63.0552, 0.7835
63.0752, 1.7445
63.0952, 3.6827
63.1152, 4.0080
63.1352, 0.3099
63.1552, 1.5966
63.1752, 0.9270
63.1952, 2.9192
63.2152, 2.2280
63.2352, 1.3188
63.2552, 2.0172
63.2752, 1.4755
63.2952, 3.5357
63.3152, 2.4845
63.3352, 2.6055
63.3552, 0.0000
63.3753, 1.8800
63.3953, 3.9976
63.4153, 3.2519
63.4353, 0.1265
63.4553, 1.6370
63.4753, 0.7623
63.4953, 3.6311
63.5153, 2.1864
63.5353, 1.1895
63.5553, 1.9794
63.5753, 0.0000
63.5953, 0.8771
63.6153, 1.9816
63.6353, 2.7787
63.6553, 0.0337
63.6753, 1.5703
63.6953, 2.9402
63.7153, 0.5162
63.7354, 2.1715
63.7554, 2.0107
63.7754, 3.6343
63.7954, 1.7191
63.8154, 1.7768
63.8354, 2.7881
63.8554, 0.6410
63.8754, 1.7371
63.8954, 1.5363
63.9154, 1.9495
63.9354, 3.1828
63.9554, 3.4098
63.9754, 2.8906
63.9954, 4.5491
64.0154, 6.3156
64.0354, 3.8589
64.0554, 4.1489
64.0755, 2.9999
64.0955, 2.4857
64.1155, 0.5729
64.1355, 3.4077
64.1555, 1.2011
64.1755, 2.9600
64.1955, 1.3343
64.2155, 1.3297
64.2355, 3.1406
64.2555, 2.9247
64.2755, 2.1513
64.2955, 2.6954
64.3155, 1.6615
64.3355, 1.9375
64.3555, 1.2941
64.3755, 2.8362
64.3955, 1.2628
64.4155, 3.4086
64.4356, 1.6347
64.4556, 1.9660
64.4756, 2.6931
64.4956, 1.9693
64.5156, 1.6523
64.5356, 1.9162
64.5556, 2.8261
64.5756, 1.2929
64.5956, 1.8214
64.6156, 1.9559
64.6356, 2.7973
64.6556, 1.8474
64.6756, 3.7268
64.6956, 1.7916
64.7156, 1.7116
64.7356, 1.7773
64.7556, 0.6489
64.7757, 0.9246
64.7957, 1.4231
64.8157, 3.0645
64.8357, 1.9131
64.8557, 1.4684
64.8757, 3.1538
64.8957, 3.4736
64.9157, 3.1822
64.9357, 1.1055
64.9557, 1.4580
64.9757, 3.7322
64.9957, 2.1833
65.0157, 1.6822
65.0357, 2.6533
65.0557, 2.9379
65.0757, 1.3829
65.0957, 2.1619
65.1157, 2.8584
65.1358, 0.8029
65.1558, 1.9579
65.1758, 0.8481
65.1958, 0.9770
65.2158, 1.3911
65.2358, 2.4157
65.2558, 1.6286
65.2758, 1.3071
65.2958, 1.9965
65.3158, 0.8161
65.3358, 2.3681
65.3558, 3.0601
65.3758, 1.8677
65.3958, 1.7462
65.4158, 2.3136
65.4358, 0.0000
65.4558, 2.4745
65.4759, 5.0009
65.4959, 1.8249
65.5159, 1.8284
65.5359, 2.6782
65.5559, 3.5663
65.5759, 2.9060
65.5959, 0.0000
65.6159, 2.5007
65.6359, 4.4790
65.6559, 2.5588
65.6759, 0.8085
65.6959, 2.2233
65.7159, 0.6843
65.7359, 3.1600
65.7559, 1.0043
65.7759, 2.0189
65.7959, 1.1009
65.8159, 1.4075
65.8360, 3.4095
65.8560, 2.0477
65.8760, 1.3950
65.8960, 0.8178
65.9160, 0.1022
65.9360, 0.7133
65.9560, 2.0560
65.9760, 2.9112
65.9960, 1.3938
66.0160, 3.4927
66.0360, 1.2391
66.0560, 1.7113
66.0760, 0.8824
66.0960, 2.9216
66.1160, 4.0117
66.1360, 0.2105
66.1560, 1.6048
66.1761, 3.1915
66.1961, 0.5206
66.2161, 2.5039
66.2361, 3.1488
66.2561, 2.0228
66.2761, 2.4877
66.2961, 3.6801
66.3161, 3.8648
66.3361, 1.8847
66.3561, 1.4214
66.3761, 1.0396
66.3961, 2.9080
66.4161, 0.5946
66.4361, 1.6970
66.4561, 2.0469
66.4761, 1.4503
66.4961, 2.2214
66.5161, 4.4717
66.5362, 1.8260
66.5562, 1.5169
66.5762, 2.9458
66.5962, 2.1817
66.6162, 3.3634
66.6362, 2.1080
66.6562, 1.7011
66.6762, 0.1889
66.6962, 0.3504
66.7162, 0.1377
66.7362, 2.3194
66.7562, 0.6040
66.7762, 3.1824
66.7962, 1.9755
66.8162, 1.7052
66.8362, 1.1146
66.8562, 2.5586
66.8763, 1.1534
66.8963, 0.9752
66.9163, 3.1162
66.9363, 2.2950
66.9563, 1.7144
66.9763, 2.5775
66.9963, 1.9546
67.0163, 2.3230
67.0363, 1.1412
67.0563, 3.9850
67.0763, 1.3749
67.0963, 3.4783
67.1163, 1.7597
67.1363, 2.7407
67.1563, 2.6689
67.1763, 3.0753
67.1963, 1.1178
67.2163, 3.0052
67.2364, 3.7644
67.2564, 1.6910
67.2764, 1.9799
67.2964, 1.4302
67.3164, 1.6045
67.3364, 3.6314
67.3564, 0.9566
67.3764, 1.0178
67.3964, 3.5324
67.4164, 2.5609
67.4364, 4.0342
67.4564, 1.5021
67.4764, 2.0701
67.4964, 1.2950
67.5164, 2.0869
67.5364, 0.1984
67.5564, 2.6209
67.5765, 2.2679
67.5965, 1.9083
67.6165, 1.6461
67.6365, 1.3634
67.6565, 3.5061
67.6765, 2.6994
67.6965, 5.9030
67.7165, 8.9969
67.7365, 9.2263
67.7565, 5.8761
67.7765, 5.4510
67.7965, 4.7688
67.8165, 3.0278
67.8365, 1.0083
67.8565, 2.4605
67.8765, 1.9691
67.8965, 3.8378
67.9165, 1.6974
67.9366, 3.0964
67.9566, 0.6982
67.9766, 0.9362
67.9966, 2.6728
68.0166, 3.0844
68.0366, 1.2535
68.0566, 2.6762
68.0766, 2.1806
68.0966, 4.6527
68.1166, 6.9496
68.1366, 6.3663
68.1566, 6.2064
68.1766, 4.1868
68.1966, 3.3066
68.2166, 4.6322
68.2366, 2.3828
68.2566, 1.0704
68.2767, 1.6632
68.2967, 0.3778
68.3167, 0.9477
68.3367, 3.2857
68.3567, 1.8054
68.3767, 3.8080
68.3967, 1.8518
68.4167, 1.9103
68.4367, 2.5770
68.4567, 0.0000
68.4767, 2.1476
68.4967, 1.8975
68.5167, 3.4094
68.5367, 2.8959
68.5567, 0.8291
68.5767, 3.1692
68.5967, 1.6874
68.6167, 1.0549
68.6368, 2.1399
68.6568, 1.7460
68.6768, 3.4611
68.6968, 2.2812
68.7168, 2.1483
68.7368, 2.8328
68.7568, 3.0222
68.7768, 2.7176
68.7968, 3.3438
68.8168, 2.5453
68.8368, 2.1109
68.8568, 3.1663
68.8768, 1.8562
68.8968, 1.9785
68.9168, 3.6414
68.9368, 3.5433
68.9568, 1.9377
68.9769, 1.4990
68.9969, 3.3869
69.0169, 2.7341
69.0369, 2.2566
69.0569, 1.6287
69.0769, 2.2725
69.0969, 1.9244
69.1169, 1.2914
69.1369, 2.0729
69.1569, 2.2072
69.1769, 1.5760
69.1969, 2.8360
69.2169, 3.2152
69.2369, 2.9011
69.2569, 1.6737
69.2769, 2.6902
69.2969, 2.0225
69.3169, 0.7286
69.3370, 2.6084
69.3570, 2.0897
69.3770, 4.5003
69.3970, 3.3811
69.4170, 2.6462
69.4370, 2.1912
69.4570, 2.1070
69.4770, 0.9572
69.4970, 0.2329
69.5170, 1.0863
69.5370, 1.8988
69.5570, 0.0000
69.5770, 1.4096
69.5970, 1.7019
69.6170, 1.7336
69.6370, 1.2940
69.6570, 1.6094
69.6771, 3.6437
69.6971, 2.5979
69.7171, 1.3939
69.7371, 1.8784
69.7571, 1.9179
69.7771, 1.1894
69.7971, 1.1882
69.8171, 2.9411
69.8371, 1.5323
69.8571, 0.8675
69.8771, 1.9033
69.8971, 2.0620
69.9171, 0.0028
69.9371, 1.9056
69.9571, 2.8007
69.9771, 2.3902
69.9971, 4.1420
70.0171, 3.1780
70.0372, 3.3729
70.0572, 4.7037
70.0772, 2.6925
70.0972, 2.1064
70.1172, 2.9048
70.1372, 1.3949
70.1572, 2.0518
70.1772, 1.3078
70.1972, 2.3377
70.2172, 1.3037
70.2372, 1.2692
70.2572, 2.3530
70.2772, 1.8101
70.2972, 0.0473
70.3172, 0.5121
70.3372, 0.8158
70.3572, 1.0761
70.3773, 2.3539
70.3973, 2.1614
70.4173, 2.9950
70.4373, 2.6872
70.4573, 3.0015
70.4773, 2.5450
70.4973, 2.1523
70.5173, 3.0286
70.5373, 2.8513
70.5573, 2.3162
70.5773, 3.1977
70.5973, 0.0000
70.6173, 1.6597
70.6373, 1.6446
70.6573, 3.0811
70.6773, 3.4935
70.6973, 0.5174
70.7173, 3.3357
70.7374, 0.7919
70.7574, 0.8217
70.7774, 1.7150
70.7974, 1.6323
70.8174, 0.4108
70.8374, 2.5858
70.8574, 2.6149
70.8774, 2.9839
70.8974, 1.5188
70.9174, 1.9068
70.9374, 1.9158
70.9574, 3.6083
70.9774, 0.0000
70.9974, 1.0032
71.0174, 1.9512
71.0374, 0.8765
71.0574, 1.6913
71.0775, 1.8216
71.0975, 1.2980
71.1175, 2.0093
71.1375, 2.5644
71.1575, 1.7130
71.1775, 1.4994
71.1975, 1.7825
71.2175, 1.9384
71.2375, 0.2316
71.2575, 2.4004
71.2775, 1.5015
71.2975, 3.1883
71.3175, 2.5279
71.3375, 3.0982
71.3575, 0.9500
71.3775, 1.5800
71.3975, 0.7220
71.4175, 1.2512
71.4376, 3.1790
71.4576, 3.4109
71.4776, 0.8149
71.4976, 1.4944
71.5176, 1.8707
71.5376, 2.5225
71.5576, 0.2124
71.5776, 0.3669
71.5976, 2.4280
71.6176, 0.0261
71.6376, 1.5057
71.6576, 2.1054
71.6776, 2.3552
71.6976, 1.8062
71.7176, 1.5855
71.7376, 2.7776
71.7576, 2.2267
71.7777, 1.3085
71.7977, 1.9829
71.8177, 2.3232
71.8377, 3.6381
71.8577, 2.7202
71.8777, 3.1420
71.8977, 1.3443
71.9177, 1.4295
71.9377, 1.7139
71.9577, 1.8043
71.9777, 0.9529
71.9977, 3.1926
72.0177, 2.8158
72.0377, 1.6447
72.0577, 2.5778
72.0777, 2.1653
72.0977, 2.6547
72.1177, 0.6217
72.1378, 1.8023
72.1578, 1.8886
72.1778, 2.5600
72.1978, 1.3268
72.2178, 0.0000
72.2378, 0.8803
72.2578, 1.8856
72.2778, 2.0087
72.2978, 3.6042
72.3178, 2.5197
72.3378, 2.0261
72.3578, 1.9139
72.3778, 3.0333
72.3978, 1.3645
72.4178, 1.8076
72.4378, 0.8729
72.4578, 3.3433
72.4779, 2.3323
72.4979, 1.2489
72.5179, 1.8330
72.5379, 2.4477
72.5579, 1.6988
72.5779, 1.4193
72.5979, 1.3013
72.6179, 2.2796
72.6379, 1.5931
72.6579, 1.4988
72.6779, 0.6298
72.6979, 2.0222
72.7179, 1.7673
72.7379, 1.6289
72.7579, 2.1415
72.7779, 2.6825
72.7979, 2.6368
72.8179, 2.4902
72.8380, 1.7087
72.8580, 1.3873
72.8780, 0.9176
72.8980, 1.3615
72.9180, 1.9651
72.9380, 1.1713
72.9580, 2.0404
72.9780, 0.9948
72.9980, 0.3098
73.0180, 2.7528
73.0380, 1.4785
73.0580, 1.1213
73.0780, 0.8684
73.0980, 2.3624
73.1180, 3.3000
73.1380, 1.5487
73.1580, 1.7334
73.1781, 3.0013
73.1981, 0.1626
73.2181, 3.8830
73.2381, 4.3531
73.2581, 0.0000
73.2781, 1.8499
73.2981, 1.2387
73.3181, 1.6914
73.3381, 1.5649
73.3581, 2.8662
73.3781, 2.2093
73.3981, 1.9773
73.4181, 3.6213
73.4381, 5.3890
73.4581, 4.5223
73.4781, 4.1450
73.4981, 7.0328
73.5181, 3.3593
73.5382, 2.8840
73.5582, 2.0051
73.5782, 2.6374
73.5982, 3.7328
73.6182, 2.5258
73.6382, 0.4518
73.6582, 0.5827
73.6782, 1.5528
73.6982, 1.6816
73.7182, 0.2497
73.7382, 2.7528
73.7582, 0.8758
73.7782, 3.4166
73.7982, 3.7390
73.8182, 1.7012
73.8382, 2.3781
73.8582, 0.7324
73.8783, 2.5600
73.8983, 1.4551
73.9183, 0.8749
73.9383, 1.6608
73.9583, 1.4870
73.9783, 1.6255
73.9983, 2.8811
74.0183, 1.1723
74.0383, 3.6547
74.0583, 0.6406
74.0783, 3.5369
74.0983, 0.9445
74.1183, 1.9448
74.1383, 1.4629
74.1583, 1.6072
74.1783, 2.7350
74.1983, 3.4230
74.2183, 3.1184
74.2384, 1.5470
74.2584, 2.1272
74.2784, 1.1755
74.2984, 0.9691
74.3184, 0.8167
74.3384, 1.5148
74.3584, 2.1916
74.3784, 0.0627
74.3984, 1.9001
74.4184, 3.4390
74.4384, 3.0508
74.4584, 1.3694
74.4784, 0.5699
74.4984, 2.3987
74.5184, 0.0000
74.5384, 3.0392
74.5584, 1.7354
74.5785, 3.7495
74.5985, 0.2448
74.6185, 2.8501
74.6385, 1.8468
74.6585, 1.6197
74.6785, 0.5965
74.6985, 2.5325
74.7185, 2.6117
74.7385, 3.7040
74.7585, 2.9386
74.7785, 1.3608
74.7985, 0.9570
74.8185, 0.5979
74.8385, 3.3968
74.8585, 1.1793
74.8785, 3.4037
74.8985, 2.4629
74.9185, 2.2707
74.9386, 1.6435
74.9586, 2.5965
74.9786, 1.9305
74.9986, 1.5821
75.0186, 2.6313
75.0386, 1.8040
75.0586, 1.1594
75.0786, 2.5366
75.0986, 1.8827
75.1186, 2.4273
75.1386, 1.4987
75.1586, 0.7548
75.1786, 3.6547
75.1986, 3.4691
75.2186, 2.8162
75.2386, 1.5638
75.2586, 1.6500
75.2787, 3.3073
75.2987, 1.5973
75.3187, 1.3227
75.3387, 3.7898
75.3587, 1.8988
75.3787, 3.6876
75.3987, 0.5684
75.4187, 2.4561
75.4387, 3.9857
75.4587, 1.9751
75.4787, 1.6857
75.4987, 0.7956
75.5187, 3.0118
75.5387, 1.1872
75.5587, 1.8524
75.5787, 0.7298
75.5987, 3.4792
75.6187, 3.0833
75.6388, 1.9146
75.6588, 0.8090
75.6788, 3.4585
75.6988, 1.5853
75.7188, 0.8572
75.7388, 0.2102
75.7588, 1.3095
75.7788, 0.5130
75.7988, 1.3323
75.8188, 2.6790
75.8388, 1.5760
75.8588, 2.2961
75.8788, 1.2333
75.8988, 2.0099
75.9188, 3.8377
75.9388, 1.6025
75.9588, 2.3244
75.9789, 0.4038
75.9989, 3.4430
76.0189, 1.4757
76.0389, 2.9805
76.0589, 1.8244
76.0789, 2.5481
76.0989, 2.6067
76.1189, 1.5001
76.1389, 3.0212
76.1589, 1.1982
76.1789, 2.7120
76.1989, 1.5614
76.2189, 2.2900
76.2389, 1.4907
76.2589, 1.9950
76.2789, 0.8872
76.2989, 2.1896
76.3189, 1.9893
76.3390, 1.4137
76.3590, 1.8916
76.3790, 2.0777
76.3990, 1.3387
76.4190, 1.8189
76.4390, 0.9553
76.4590, 4.2562
76.4790, 2.9889
76.4990, 2.2147
76.5190, 3.1002
76.5390, 0.0000
76.5590, 0.0000
76.5790, 1.5525
76.5990, 0.5879
76.6190, 1.7127
76.6390, 2.1483
76.6590, 2.8523
76.6791, 0.8246
76.6991, 2.3394
76.7191, 1.9599
76.7391, 2.2880
76.7591, 1.4338
76.7791, 3.3081
76.7991, 1.8438
76.8191, 3.6932
76.8391, 1.1673
76.8591, 2.6774
76.8791, 1.8870
76.8991, 1.6229
76.9191, 2.5686
76.9391, 1.6511
76.9591, 0.0000
76.9791, 0.0000
76.9991, 3.1990
77.0191, 3.1575
77.0392, 3.8047
77.0592, 1.9285
77.0792, 0.6726
77.0992, 1.5325
77.1192, 1.9570
77.1392, 0.9539
77.1592, 3.5695
77.1792, 4.1515
77.1992, 2.4168
77.2192, 1.9351
77.2392, 0.6703
77.2592, 3.4689
77.2792, 2.0209
77.2992, 1.6609
77.3192, 2.4197
77.3392, 1.3689
77.3592, 2.0904
77.3793, 0.5250
77.3993, 3.0165
77.4193, 1.8429
77.4393, 3.0871
77.4593, 1.7476
77.4793, 1.8116
77.4993, 0.7517
77.5193, 2.6941
77.5393, 1.0831
77.5593, 1.4667
77.5793, 1.9468
77.5993, 2.0652
77.6193, 0.2653
77.6393, 1.7184
77.6593, 2.7290
77.6793, 1.5731
77.6993, 1.7244
77.7193, 2.1057
77.7394, 1.8217
77.7594, 0.9308
77.7794, 1.9100
77.7994, 2.9249
77.8194, 0.9104
77.8394, 1.5769
77.8594, 0.5849
77.8794, 2.8730
77.8994, 1.8548
77.9194, 1.1084
77.9394, 2.0366
77.9594, 0.7603
77.9794, 0.9278
77.9994, 0.5076
78.0194, 0.8950
78.0394, 3.2827
78.0594, 1.2237
78.0795, 2.4050
78.0995, 1.1220
78.1195, 2.6939
78.1395, 0.9351
78.1595, 1.9844
78.1795, 1.9978
78.1995, 4.2385
78.2195, 2.5667
78.2395, 1.3618
78.2595, 2.6205
78.2795, 4.0517
78.2995, 0.3407
78.3195, 1.1160
78.3395, 1.7124
78.3595, 1.5349
78.3795, 1.6180
78.3995, 0.6612
78.4195, 3.3286
78.4396, 0.5446
78.4596, 1.7486
78.4796, 2.9758
78.4996, 1.9160
78.5196, 0.9811
78.5396, 0.6174
78.5596, 1.7192
78.5796, 1.2001
78.5996, 2.1479
78.6196, 0.5654
78.6396, 2.7465
78.6596, 2.0596
78.6796, 2.1327
78.6996, 3.3651
78.7196, 1.5146
78.7396, 1.2309
78.7596, 1.4062
78.7797, 1.7561
78.7997, 1.8562
78.8197, 1.1276
78.8397, 0.0000
78.8597, 1.3933
78.8797, 2.3002
78.8997, 2.0800
78.9197, 3.1272
78.9397, 3.8718
78.9597, 2.6937
78.9797, 3.3075
78.9997, 2.7010
79.0197, 3.6299
79.0397, 3.7687
79.0597, 2.8826
79.0797, 2.6415
79.0997, 1.7436
79.1197, 1.9050
79.1398, 1.6130
79.1598, 2.5577
79.1798, 1.2363
79.1998, 1.7575
79.2198, 0.0000
79.2398, 3.6429
79.2598, 1.7286
79.2798, 2.3945
79.2998, 3.3816
79.3198, 2.2415
79.3398, 3.3684
79.3598, 0.7227
79.3798, 4.3070
79.3998, 3.0165
79.4198, 2.1518
79.4398, 3.3494
79.4598, 0.7947
79.4799, 1.6615
79.4999, 3.3683
79.5199, 0.1068
79.5399, 2.4978
79.5599, 2.4699
79.5799, 3.8853
79.5999, 0.3866
79.6199, 3.5312
79.6399, 1.3947
79.6599, 1.5055
79.6799, 0.7421
79.6999, 0.8743
79.7199, 2.3432
79.7399, 0.8502
79.7599, 2.6749
79.7799, 1.2928
79.7999, 0.7510
79.8199, 1.4259
79.8400, 2.2774
79.8600, 1.6726
79.8800, 1.9794
79.9000, 2.6315
79.9200, 3.0119
79.9400, 1.6403
79.9600, 0.9173
79.9800, 2.0207
80.0000, 2.4093
