##NAMES=Quartz Annealed Sample 03
##RRUFFID=SYN000003
##SOURCE=Synthetic — systematic FWHM broadening demo
##X-RAY WAVELENGTH=1.54056
##FWHM_NOMINAL=0.1200
##END=
10.0000, 0.5088
10.0200, 1.0773
10.0400, 1.2483
10.0600, 1.7582
10.0800, 1.2066
10.1000, 2.6705
10.1200, 0.3648
10.1400, 0.3902
10.1600, 1.6325
10.1801, 1.7903
10.2001, 0.5149
10.2201, 1.3604
10.2401, 1.5655
10.2601, 1.5733
10.2801, 2.1169
10.3001, 1.3057
10.3201, 3.4391
10.3401, 2.4523
10.3601, 1.1606
10.3801, 2.0597
10.4001, 2.0891
10.4201, 3.1768
10.4401, 1.3668
10.4601, 2.7306
10.4801, 2.0072
10.5001, 3.4528
10.5201, 3.2527
10.5402, 2.1619
10.5602, 1.7039
10.5802, 2.4706
10.6002, 1.7855
10.6202, 3.6410
10.6402, 2.0437
10.6602, 1.5609
10.6802, 1.5071
10.7002, 0.7558
10.7202, 2.5204
10.7402, 1.1477
10.7602, 3.0605
10.7802, 0.6761
10.8002, 2.0923
10.8202, 3.1124
10.8402, 0.0000
10.8602, 3.9780
10.8803, 1.5414
10.9003, 2.1061
10.9203, 2.5353
10.9403, 2.6895
10.9603, 2.2386
10.9803, 2.9600
11.0003, 2.4831
11.0203, 3.7214
11.0403, 2.4863
11.0603, 3.9246
11.0803, 2.8640
11.1003, 0.1648
11.1203, 4.5692
11.1403, 1.3927
11.1603, 3.4568
11.1803, 1.9922
11.2003, 3.0236
11.2203, 1.2789
11.2404, 2.5894
11.2604, 1.7130
11.2804, 3.5400
11.3004, 2.4029
11.3204, 2.8988
11.3404, 0.0000
11.3604, 1.8801
11.3804, 2.3748
11.4004, 2.1884
11.4204, 2.9239
11.4404, 1.6006
11.4604, 2.0141
11.4804, 3.1434
11.5004, 0.0000
11.5204, 2.5531
11.5404, 1.6325
11.5604, 1.0557
11.5805, 2.3010
11.6005, 3.1894
11.6205, 3.0017
11.6405, 1.8307
11.6605, 2.8387
11.6805, 2.8311
11.7005, 1.8783
11.7205, 1.2743
11.7405, 1.3320
11.7605, 2.8009
11.7805, 1.9234
11.8005, 0.9222
11.8205, 0.2853
11.8405, 2.7949
11.8605, 1.4202
11.8805, 2.2949
11.9005, 3.2017
11.9205, 0.6602
11.9406, 1.9204
11.9606, 1.7952
11.9806, 2.3441
12.0006, 3.2011
12.0206, 0.6397
12.0406, 2.5336
12.0606, 2.9941
12.0806, 1.7796
12.1006, 1.8284
12.1206, 2.3827
12.1406, 2.3093
12.1606, 2.5462
12.1806, 2.5251
12.2006, 0.9862
12.2206, 2.9529
12.2406, 3.1289
12.2606, 2.1510
12.2807, 0.4755
12.3007, 1.8510
12.3207, 2.1593
12.3407, 0.8241
12.3607, 1.6063
12.3807, 0.5600
12.4007, 2.5710
12.4207, 2.1309
12.4407, 0.3243
12.4607, 2.3159
12.4807, 1.9091
12.5007, 2.4804
12.5207, 1.5750
12.5407, 1.1662
12.5607, 1.1968
12.5807, 1.4288
12.6007, 1.9842
12.6207, 2.1130
12.6408, 1.7753
12.6608, 1.5433
12.6808, 1.6150
12.7008, 4.4661
12.7208, 1.1969
12.7408, 1.4090
12.7608, 5.2500
12.7808, 2.3853
12.8008, 0.5893
12.8208, 2.8058
12.8408, 1.0580
12.8608, 2.8720
12.8808, 1.7551
12.9008, 1.5269
12.9208, 3.5701
12.9408, 2.5303
12.9608, 2.9357
12.9809, 2.3991
13.0009, 1.5223
13.0209, 2.5751
13.0409, 3.1713
13.0609, 2.0998
13.0809, 3.7620
13.1009, 2.8135
13.1209, 2.1768
13.1409, 2.2162
13.1609, 2.1023
13.1809, 0.7177
13.2009, 1.8756
13.2209, 2.1860
13.2409, 1.5505
13.2609, 2.3022
13.2809, 1.9867
13.3009, 2.7370
13.3209, 2.6267
13.3410, 2.1321
13.3610, 0.6021
13.3810, 3.7511
13.4010, 1.8240
13.4210, 1.8848
13.4410, 1.6239
13.4610, 1.4784
13.4810, 3.5052
13.5010, 3.3476
13.5210, 2.4086
13.5410, 1.8582
13.5610, 2.5828
13.5810, 2.0390
13.6010, 1.7758
13.6210, 2.3026
13.6410, 1.5255
13.6610, 2.2170
13.6811, 2.1691
13.7011, 2.5667
13.7211, 1.3481
13.7411, 2.6736
13.7611, 1.0617
13.7811, 1.3945
13.8011, 1.4380
13.8211, 0.8964
13.8411, 2.9783
13.8611, 0.9991
13.8811, 1.2685
13.9011, 3.2173
13.9211, 1.3965
13.9411, 1.7778
13.9611, 0.9563
13.9811, 2.7961
14.0011, 2.8098
14.0211, 2.7023
14.0412, 2.5015
14.0612, 2.0388
14.0812, 1.4425
14.1012, 1.1528
14.1212, 3.2517
14.1412, 2.7281
14.1612, 1.2741
14.1812, 2.0052
14.2012, 1.6662
14.2212, 0.8404
14.2412, 2.1426
14.2612, 1.5511
14.2812, 1.0156
14.3012, 0.4905
14.3212, 0.4060
14.3412, 1.5951
14.3612, 1.8806
14.3813, 1.0926
14.4013, 2.6144
14.4213, 1.9001
14.4413, 2.5407
14.4613, 1.7830
14.4813, 1.1805
14.5013, 2.0792
14.5213, 0.7063
14.5413, 2.5034
14.5613, 1.0309
14.5813, 2.8811
14.6013, 1.6279
14.6213, 3.0250
14.6413, 0.8460
14.6613, 1.2896
14.6813, 2.3453
14.7013, 3.1327
14.7213, 3.6274
14.7414, 2.0067
14.7614, 3.7980
14.7814, 1.6766
14.8014, 3.0611
14.8214, 1.0259
14.8414, 2.3845
14.8614, 0.0000
14.8814, 0.8470
14.9014, 2.4308
14.9214, 0.6567
14.9414, 2.3912
14.9614, 2.8694
14.9814, 1.4655
15.0014, 0.9992
15.0214, 1.4926
15.0414, 1.0024
15.0614, 1.8645
15.0815, 2.0672
15.1015, 1.6603
15.1215, 3.6351
15.1415, 1.2481
15.1615, 3.3530
15.1815, 0.9271
15.2015, 2.0380
15.2215, 3.1452
15.2415, 3.0936
15.2615, 1.5464
15.2815, 2.5190
15.3015, 2.3854
15.3215, 1.4270
15.3415, 2.5797
15.3615, 3.8227
15.3815, 2.4358
15.4015, 2.5302
15.4215, 2.6357
15.4416, 0.5086
15.4616, 2.4244
15.4816, 0.9515
15.5016, 1.3772
15.5216, 4.1213
15.5416, 1.7129
15.5616, 1.2274
15.5816, 3.1148
15.6016, 1.0204
15.6216, 1.5193
15.6416, 3.2110
15.6616, 2.0081
15.6816, 0.4082
15.7016, 2.5079
15.7216, 1.5701
15.7416, 3.5010
15.7616, 1.3610
15.7817, 3.0137
15.8017, 3.7361
15.8217, 1.1169
15.8417, 1.7728
15.8617, 2.3530
15.8817, 1.1105
15.9017, 2.2350
15.9217, 1.7412
15.9417, 1.7211
15.9617, 2.0142
15.9817, 2.0365
16.0017, 2.1289
16.0217, 1.3683
16.0417, 1.4118
16.0617, 1.8472
16.0817, 1.9208
16.1017, 1.5278
16.1217, 2.2885
16.1418, 0.1558
16.1618, 1.2370
16.1818, 1.6863
16.2018, 1.1117
16.2218, 3.5901
16.2418, 1.9843
16.2618, 2.1417
16.2818, 1.4836
16.3018, 1.9497
16.3218, 0.7536
16.3418, 1.7961
16.3618, 1.0311
16.3818, 1.6888
16.4018, 0.0000
16.4218, 0.8406
16.4418, 3.4253
16.4618, 2.7935
16.4819, 3.2808
16.5019, 3.3493
16.5219, 2.6365
16.5419, 1.5139
16.5619, 0.9311
16.5819, 3.1090
16.6019, 2.0298
16.6219, 4.4525
16.6419, 1.6014
16.6619, 3.9328
16.6819, 1.8091
16.7019, 3.2977
16.7219, 3.6574
16.7419, 0.9454
16.7619, 1.4818
16.7819, 0.9354
16.8019, 0.7390
16.8219, 2.6306
16.8420, 1.7694
16.8620, 2.0177
16.8820, 2.5201
16.9020, 0.1133
16.9220, 3.2486
16.9420, 1.6173
16.9620, 2.4963
16.9820, 2.5844
17.0020, 3.3324
17.0220, 1.8609
17.0420, 0.0000
17.0620, 2.0224
17.0820, 2.1656
17.1020, 0.9341
17.1220, 2.1125
17.1420, 1.6054
17.1620, 0.6265
17.1821, 2.6350
17.2021, 1.4033
17.2221, 1.5602
17.2421, 1.5042
17.2621, 3.1974
17.2821, 1.9246
17.3021, 2.0443
17.3221, 1.5260
17.3421, 2.4270
17.3621, 3.3110
17.3821, 2.6115
17.4021, 2.6504
17.4221, 2.5700
17.4421, 0.5891
17.4621, 1.0918
17.4821, 1.7610
17.5021, 1.2416
17.5221, 0.9039
17.5422, 0.0985
17.5622, 0.6227
17.5822, 1.7096
17.6022, 1.8962
17.6222, 1.1746
17.6422, 2.0441
17.6622, 1.5328
17.6822, 3.0530
17.7022, 1.8043
17.7222, 2.6598
17.7422, 2.1681
17.7622, 0.5673
17.7822, 1.8750
17.8022, 0.7333
17.8222, 1.8576
17.8422, 1.2224
17.8622, 2.3463
17.8823, 0.6269
17.9023, 1.9801
17.9223, 2.5363
17.9423, 2.8705
17.9623, 1.2034
17.9823, 1.9831
18.0023, 2.1491
18.0223, 3.5082
18.0423, 0.4883
18.0623, 1.0569
18.0823, 4.7620
18.1023, 1.6931
18.1223, 0.0798
18.1423, 1.3845
18.1623, 0.0000
18.1823, 2.2057
18.2023, 2.7730
18.2223, 1.0563
18.2424, 1.4960
18.2624, 2.8865
18.2824, 0.2202
18.3024, 0.6476
18.3224, 1.7380
18.3424, 1.2152
18.3624, 1.6724
18.3824, 0.7053
18.4024, 2.1792
18.4224, 1.8166
18.4424, 2.5131
18.4624, 2.1653
18.4824, 2.1716
18.5024, 0.5232
18.5224, 2.4567
18.5424, 1.6355
18.5624, 1.7993
18.5825, 3.0108
18.6025, 1.2480
18.6225, 3.3128
18.6425, 3.4059
18.6625, 2.7161
18.6825, 0.9876
18.7025, 0.0000
18.7225, 3.0412
18.7425, 2.0765
18.7625, 1.2223
18.7825, 3.1357
18.8025, 1.1063
18.8225, 1.5425
18.8425, 2.4889
18.8625, 0.8550
18.8825, 1.8563
18.9025, 3.0515
18.9225, 2.1760
18.9426, 3.2094
18.9626, 3.0959
18.9826, 1.9732
19.0026, 0.0000
19.0226, 0.8628
19.0426, 2.7266
19.0626, 0.4196
19.0826, 1.6397
19.1026, 2.3030
19.1226, 3.4309
19.1426, 1.3920
19.1626, 1.3238
19.1826, 1.9131
19.2026, 2.3154
19.2226, 1.8116
19.2426, 3.0118
19.2626, 1.1685
19.2827, 2.0853
19.3027, 2.4094
19.3227, 1.5663
19.3427, 2.8028
19.3627, 2.1140
19.3827, 2.7521
19.4027, 2.1590
19.4227, 2.3408
19.4427, 1.3348
19.4627, 1.3364
19.4827, 3.1864
19.5027, 2.5992
19.5227, 0.9454
19.5427, 2.1458
19.5627, 0.0000
19.5827, 1.3931
19.6027, 2.9238
19.6227, 1.8407
19.6428, 2.0830
19.6628, 0.0000
19.6828, 1.5743
19.7028, 2.3028
19.7228, 2.4294
19.7428, 2.9251
19.7628, 1.7558
19.7828, 1.8003
19.8028, 0.6371
19.8228, 1.7615
19.8428, 0.7074
19.8628, 0.1228
19.8828, 0.8833
19.9028, 3.4699
19.9228, 1.6956
19.9428, 2.1847
19.9628, 1.4534
19.9829, 0.1799
20.0029, 2.8989
20.0229, 0.0000
20.0429, 1.4122
20.0629, 1.9110
20.0829, 2.1953
20.1029, 1.2410
20.1229, 0.1327
20.1429, 1.1666
20.1629, 1.2188
20.1829, 1.1945
20.2029, 2.9328
20.2229, 0.7553
20.2429, 2.2656
20.2629, 2.1233
20.2829, 2.9232
20.3029, 1.8327
20.3229, 2.7544
20.3430, 1.7937
20.3630, 2.3986
20.3830, 0.4667
20.4030, 0.0000
20.4230, 2.3419
20.4430, 2.3954
20.4630, 2.4396
20.4830, 1.4420
20.5030, 3.4510
20.5230, 1.5069
20.5430, 2.3851
20.5630, 2.5584
20.5830, 3.6794
20.6030, 1.6494
20.6230, 1.3144
20.6430, 0.4735
20.6630, 3.5230
20.6831, 2.4259
20.7031, 2.5629
20.7231, 5.5251
20.7431, 3.4907
20.7631, 3.4042
20.7831, 7.1176
20.8031, 9.9477
20.8231, 14.4229
20.8431, 17.3762
20.8631, 18.0554
20.8831, 15.6499
20.9031, 15.2334
20.9231, 10.0210
20.9431, 6.1571
20.9631, 4.8762
20.9831, 3.3367
21.0031, 2.5636
21.0231, 2.7479
21.0432, 2.1252
21.0632, 2.6397
21.0832, 2.7176
21.1032, 2.1279
21.1232, 1.7457
21.1432, 3.4915
21.1632, 1.4889
21.1832, 2.3557
21.2032, 2.3782
21.2232, 1.3576
21.2432, 1.1599
21.2632, 1.6126
21.2832, 1.4746
21.3032, 0.5114
21.3232, 1.3158
21.3432, 2.2309
21.3632, 3.2278
21.3833, 2.5183
21.4033, 0.0000
21.4233, 2.6049
21.4433, 1.4089
21.4633, 2.4173
21.4833, 1.9514
21.5033, 1.7733
21.5233, 1.8635
21.5433, 1.9431
21.5633, 3.3061
21.5833, 1.9458
21.6033, 3.0479
21.6233, 2.9027
21.6433, 2.6306
21.6633, 0.1839
21.6833, 3.0789
21.7033, 1.5088
21.7233, 2.6792
21.7434, 0.9956
21.7634, 0.7837
21.7834, 3.9363
21.8034, 1.0112
21.8234, 3.1083
21.8434, 2.0835
21.8634, 1.5465
21.8834, 1.9207
21.9034, 0.6680
21.9234, 1.9517
21.9434, 0.8858
21.9634, 1.5711
21.9834, 2.8881
22.0034, 2.2189
22.0234, 0.4874
22.0434, 2.8145
22.0634, 1.9584
22.0835, 1.4248
22.1035, 2.7100
22.1235, 1.7987
22.1435, 0.8031
22.1635, 3.8081
22.1835, 1.9482
22.2035, 1.8843
22.2235, 1.5615
22.2435, 3.1421
22.2635, 1.4420
22.2835, 0.4248
22.3035, 1.2887
22.3235, 3.2885
22.3435, 2.7952
22.3635, 1.7111
22.3835, 3.3348
22.4035, 2.7113
22.4235, 1.6996
22.4436, 1.8000
22.4636, 2.2938
22.4836, 1.1359
22.5036, 1.9699
22.5236, 2.2731
22.5436, 0.2832
22.5636, 1.7767
22.5836, 1.6632
22.6036, 2.9906
22.6236, 0.1261
22.6436, 1.5850
22.6636, 1.4850
22.6836, 2.9228
22.7036, 1.9220
22.7236, 3.7565
22.7436, 2.6258
22.7636, 1.5564
22.7837, 2.2044
22.8037, 1.6124
22.8237, 2.8224
22.8437, 0.6370
22.8637, 1.1441
22.8837, 2.4199
22.9037, 3.1878
22.9237, 0.0000
22.9437, 3.3361
22.9637, 1.8257
22.9837, 0.0869
23.0037, 0.0000
23.0237, 0.4404
23.0437, 1.9458
23.0637, 1.8997
23.0837, 2.5969
23.1037, 1.4175
23.1237, 0.8605
23.1438, 1.5535
23.1638, 1.9990
23.1838, 2.1956
23.2038, 1.1785
23.2238, 2.8644
23.2438, 1.3458
23.2638, 1.0982
23.2838, 1.4246
23.3038, 3.0373
23.3238, 1.8330
23.3438, 1.2729
23.3638, 2.8889
23.3838, 4.1022
23.4038, 2.1745
23.4238, 3.1958
23.4438, 2.9986
23.4638, 1.3615
23.4839, 1.9920
23.5039, 0.6865
23.5239, 1.7611
23.5439, 1.3410
23.5639, 1.5637
23.5839, 1.2177
23.6039, 1.6792
23.6239, 2.4962
23.6439, 1.8463
23.6639, 0.1063
23.6839, 1.2214
23.7039, 0.4503
23.7239, 2.2088
23.7439, 2.4673
23.7639, 2.2213
23.7839, 1.1803
23.8039, 2.2116
23.8239, 1.4967
23.8440, 0.8304
23.8640, 2.7053
23.8840, 2.7812
23.9040, 2.9117
23.9240, 1.3588
23.9440, 3.1415
23.9640, 1.4733
23.9840, 2.6171
24.0040, 1.4560
24.0240, 1.7421
24.0440, 0.0000
24.0640, 1.6644
24.0840, 2.0563
24.1040, 1.5565
24.1240, 3.7167
24.1440, 0.8062
24.1640, 1.4034
24.1841, 1.0631
24.2041, 1.4033
24.2241, 2.9940
24.2441, 3.4393
24.2641, 1.2666
24.2841, 1.2445
24.3041, 0.8116
24.3241, 3.2681
24.3441, 3.0833
24.3641, 1.8598
24.3841, 0.5733
24.4041, 0.6625
24.4241, 2.1356
24.4441, 2.5132
24.4641, 0.0000
24.4841, 1.6450
24.5041, 3.5792
24.5241, 1.7485
24.5442, 3.4509
24.5642, 2.6127
24.5842, 0.8842
24.6042, 1.6736
24.6242, 1.8371
24.6442, 1.0156
24.6642, 0.9983
24.6842, 3.4680
24.7042, 0.9908
24.7242, 3.0408
24.7442, 1.5302
24.7642, 1.9399
24.7842, 2.5257
24.8042, 1.3686
24.8242, 2.5318
24.8442, 0.0000
24.8642, 2.4039
24.8843, 0.0000
24.9043, 1.7392
24.9243, 2.8173
24.9443, 2.5860
24.9643, 0.6707
24.9843, 0.7991
25.0043, 1.2787
25.0243, 2.1511
25.0443, 0.0000
25.0643, 1.9523
25.0843, 2.2760
25.1043, 1.6832
25.1243, 2.4893
25.1443, 2.1885
25.1643, 1.4253
25.1843, 0.0347
25.2043, 2.0985
25.2243, 1.0151
25.2444, 1.3887
25.2644, 2.4432
25.2844, 3.3788
25.3044, 1.9275
25.3244, 2.5180
25.3444, 0.5250
25.3644, 2.2103
25.3844, 1.9057
25.4044, 3.1912
25.4244, 1.4265
25.4444, 1.7245
25.4644, 3.0213
25.4844, 1.8737
25.5044, 0.8597
25.5244, 4.5099
25.5444, 0.8899
25.5644, 1.9009
25.5845, 2.3112
25.6045, 2.2323
25.6245, 1.7762
25.6445, 1.7812
25.6645, 1.7312
25.6845, 0.8527
25.7045, 4.1096
25.7245, 1.7461
25.7445, 2.5607
25.7645, 1.6317
25.7845, 1.6117
25.8045, 1.5113
25.8245, 0.4200
25.8445, 1.8053
25.8645, 1.5596
25.8845, 3.1337
25.9045, 0.7721
25.9245, 1.3899
25.9446, 1.0695
25.9646, 3.4039
25.9846, 1.0985
26.0046, 2.5262
26.0246, 2.9329
26.0446, 1.8197
26.0646, 0.5925
26.0846, 0.6051
26.1046, 2.8228
26.1246, 0.7084
26.1446, 2.3564
26.1646, 2.0795
26.1846, 2.3415
26.2046, 2.4357
26.2246, 1.0344
26.2446, 0.9927
26.2646, 2.6784
26.2847, 1.3379
26.3047, 0.0000
26.3247, 2.6124
26.3447, 0.9321
26.3647, 2.4313
26.3847, 3.3545
26.4047, 1.9831
26.4247, 2.9640
26.4447, 2.1482
26.4647, 3.6807
26.4847, 1.4167
26.5047, 3.6456
26.5247, 7.4238
26.5447, 13.4100
26.5647, 27.3518
26.5847, 44.8156
26.6047, 70.2772
26.6247, 91.0015
26.6448, 100.0000
26.6648, 96.7512
26.6848, 81.0216
26.7048, 55.9350
26.7248, 34.1424
26.7448, 20.6445
26.7648, 10.0122
26.7848, 4.7119
26.8048, 2.9508
26.8248, 0.0000
26.8448, 1.8413
26.8648, 1.2281
26.8848, 2.8833
26.9048, 2.9580
26.9248, 2.5406
26.9448, 2.3598
26.9648, 0.4723
26.9849, 2.5544
27.0049, 2.5931
27.0249, 3.2071
27.0449, 4.0777
27.0649, 0.2776
27.0849, 1.5781
27.1049, 1.2253
27.1249, 2.1375
27.1449, 1.9788
27.1649, 1.7320
27.1849, 2.9902
27.2049, 0.8671
27.2249, 0.9273
27.2449, 0.9441
27.2649, 1.6061
27.2849, 0.7403
27.3049, 1.9170
27.3249, 1.8004
27.3450, 1.1811
27.3650, 2.8368
27.3850, 1.9061
27.4050, 3.0251
27.4250, 1.7709
27.4450, 1.9413
27.4650, 1.4042
27.4850, 1.9584
27.5050, 2.6757
27.5250, 1.5553
27.5450, 2.4824
27.5650, 1.1550
27.5850, 2.7224
27.6050, 1.3872
27.6250, 2.8147
27.6450, 2.0263
27.6650, 3.4821
27.6851, 0.8146
27.7051, 0.4934
27.7251, 1.3510
27.7451, 0.5847
27.7651, 0.5866
27.7851, 2.5852
27.8051, 1.9613
27.8251, 1.4871
27.8451, 1.5796
27.8651, 1.3699
27.8851, 3.6112
27.9051, 1.2320
27.9251, 0.6470
27.9451, 2.7593
27.9651, 1.7503
27.9851, 3.9985
28.0051, 1.4407
28.0252, 2.8091
28.0452, 3.0446
28.0652, 1.4456
28.0852, 1.2246
28.1052, 2.7047
28.1252, 2.5387
28.1452, 0.5588
28.1652, 0.8402
28.1852, 0.0000
28.2052, 2.5592
28.2252, 1.7044
28.2452, 1.8038
28.2652, 0.2788
28.2852, 0.8704
28.3052, 1.4888
28.3252, 1.2950
28.3452, 2.0830
28.3652, 2.5473
28.3853, 4.2287
28.4053, 1.9455
28.4253, 3.0777
28.4453, 1.1378
28.4653, 0.2952
28.4853, 1.6141
28.5053, 0.3722
28.5253, 1.9801
28.5453, 1.1872
28.5653, 0.0167
28.5853, 3.6966
28.6053, 1.4294
28.6253, 0.3324
28.6453, 2.8611
28.6653, 1.2389
28.6853, 3.0525
28.7053, 1.2341
28.7254, 1.4261
28.7454, 2.3093
28.7654, 2.5570
28.7854, 2.7318
28.8054, 1.8760
28.8254, 2.4926
28.8454, 2.7090
28.8654, 2.1655
28.8854, 1.8232
28.9054, 0.5242
28.9254, 2.5629
28.9454, 2.0075
28.9654, 1.5530
28.9854, 3.2396
29.0054, 0.5416
29.0254, 3.6049
29.0454, 1.9432
29.0654, 2.2821
29.0855, 1.5715
29.1055, 0.3031
29.1255, 1.8262
29.1455, 2.2992
29.1655, 2.6398
29.1855, 1.7680
29.2055, 0.0000
29.2255, 0.4281
29.2455, 4.0117
29.2655, 0.8760
29.2855, 3.3885
29.3055, 1.0340
29.3255, 1.7835
29.3455, 2.5889
29.3655, 1.1476
29.3855, 3.5532
29.4055, 2.0410
29.4256, 2.4250
29.4456, 1.6986
29.4656, 2.6223
29.4856, 3.5398
29.5056, 1.8345
29.5256, 3.6903
29.5456, 1.3556
29.5656, 2.7274
29.5856, 2.4532
29.6056, 0.8999
29.6256, 2.1787
29.6456, 1.9728
29.6656, 1.1147
29.6856, 2.3224
29.7056, 2.1113
29.7256, 1.8931
29.7456, 1.8971
29.7656, 1.8757
29.7857, 1.5988
29.8057, 2.1049
29.8257, 1.3233
29.8457, 4.6148
29.8657, 0.5601
29.8857, 1.3824
29.9057, 1.4611
29.9257, 4.0002
29.9457, 0.6490
29.9657, 2.3902
29.9857, 2.2131
30.0057, 2.2981
30.0257, 3.1983
30.0457, 3.1779
30.0657, 1.5158
30.0857, 2.1589
30.1057, 0.1066
30.1258, 2.0643
30.1458, 1.1737
30.1658, 1.7796
30.1858, 0.2848
30.2058, 2.3692
30.2258, 0.2736
30.2458, 2.1133
30.2658, 0.7424
30.2858, 1.1182
30.3058, 3.1169
30.3258, 2.5517
30.3458, 3.1114
30.3658, 3.5208
30.3858, 1.1948
30.4058, 3.4602
30.4258, 0.5041
30.4458, 2.7094
30.4658, 1.4735
30.4859, 1.0378
30.5059, 2.5782
30.5259, 2.9077
30.5459, 2.8781
30.5659, 2.1797
30.5859, 2.0970
30.6059, 2.4908
30.6259, 2.2684
30.6459, 2.5053
30.6659, 2.1689
30.6859, 2.8059
30.7059, 0.3428
30.7259, 1.8345
30.7459, 0.5855
30.7659, 2.2414
30.7859, 3.6028
30.8059, 1.4927
30.8260, 2.0923
30.8460, 2.7198
30.8660, 0.0000
30.8860, 1.4448
30.9060, 2.3289
30.9260, 0.0000
30.9460, 0.9914
30.9660, 3.0632
30.9860, 2.9656
31.0060, 2.3387
31.0260, 2.8452
31.0460, 2.1799
31.0660, 2.5193
31.0860, 1.6507
31.1060, 2.0809
31.1260, 1.3349
31.1460, 3.2254
31.1660, 3.4827
31.1861, 3.3415
31.2061, 1.5585
31.2261, 1.0144
31.2461, 3.2388
31.2661, 2.5078
31.2861, 2.2931
31.3061, 1.3336
31.3261, 2.3899
31.3461, 0.8832
31.3661, 2.5977
31.3861, 3.3405
31.4061, 3.5919
31.4261, 2.6720
31.4461, 0.5873
31.4661, 2.1622
31.4861, 4.0991
31.5061, 1.0993
31.5262, 1.9064
31.5462, 3.3750
31.5662, 2.5808
31.5862, 4.4386
31.6062, 1.2346
31.6262, 0.9785
31.6462, 3.1861
31.6662, 0.7729
31.6862, 1.7692
31.7062, 1.9000
31.7262, 2.9985
31.7462, 2.5780
31.7662, 2.4212
31.7862, 1.5641
31.8062, 3.1770
31.8262, 5.9799
31.8462, 2.6548
31.8662, 2.0648
31.8863, 0.6712
31.9063, 1.3298
31.9263, 1.7523
31.9463, 1.4323
31.9663, 1.9494
31.9863, 3.7385
32.0063, 3.2091
32.0263, 1.8071
32.0463, 0.7606
32.0663, 3.2991
32.0863, 1.9165
32.1063, 0.2438
32.1263, 2.6759
32.1463, 2.9882
32.1663, 0.0000
32.1863, 1.1432
32.2063, 1.8553
32.2264, 2.6979
32.2464, 1.4511
32.2664, 1.1356
32.2864, 2.6906
32.3064, 1.4984
32.3264, 2.5060
32.3464, 0.8571
32.3664, 0.6169
32.3864, 2.7186
32.4064, 2.2173
32.4264, 2.8853
32.4464, 1.4344
32.4664, 1.1726
32.4864, 3.3223
32.5064, 0.4468
32.5264, 3.2134
32.5464, 3.2822
32.5664, 2.8231
32.5865, 1.2796
32.6065, 1.1512
32.6265, 1.7560
32.6465, 0.6740
32.6665, 1.0065
32.6865, 2.6084
32.7065, 2.6130
32.7265, 0.9188
32.7465, 2.6397
32.7665, 2.4185
32.7865, 3.4711
32.8065, 2.5330
32.8265, 3.0210
32.8465, 2.4412
32.8665, 2.9426
32.8865, 0.6819
32.9065, 1.8440
32.9266, 1.9266
32.9466, 1.7224
32.9666, 2.4081
32.9866, 2.5980
33.0066, 2.3566
33.0266, 1.7890
33.0466, 1.2318
33.0666, 3.0595
33.0866, 2.3142
33.1066, 0.9497
33.1266, 1.7723
33.1466, 0.2270
33.1666, 2.0007
33.1866, 1.7676
33.2066, 1.3926
33.2266, 3.5456
33.2466, 0.8125
33.2666, 2.6699
33.2867, 4.1460
33.3067, 3.0397
33.3267, 1.9340
33.3467, 0.8346
33.3667, 0.6072
33.3867, 1.5551
33.4067, 1.2804
33.4267, 1.2479
33.4467, 1.6401
33.4667, 1.8635
33.4867, 2.4493
33.5067, 0.7311
33.5267, 1.2851
33.5467, 1.8062
33.5667, 1.7705
33.5867, 3.7967
33.6067, 2.1970
33.6268, 0.3564
33.6468, 2.3825
33.6668, 2.5096
33.6868, 1.8407
33.7068, 0.7555
33.7268, 3.7186
33.7468, 0.8986
33.7668, 2.6244
33.7868, 2.1649
33.8068, 2.5646
33.8268, 3.6675
33.8468, 2.5255
33.8668, 1.4084
33.8868, 3.0683
33.9068, 1.3361
33.9268, 2.1285
33.9468, 0.6760
33.9668, 0.9351
33.9869, 2.0167
34.0069, 2.3325
34.0269, 0.2678
34.0469, 2.4613
34.0669, 1.1483
34.0869, 3.2415
34.1069, 1.6145
34.1269, 0.8450
34.1469, 2.0410
34.1669, 1.0518
34.1869, 3.2308
34.2069, 1.9660
34.2269, 1.8142
34.2469, 2.5556
34.2669, 0.9633
34.2869, 0.6799
34.3069, 2.3726
34.3270, 0.8689
34.3470, 0.8685
34.3670, 2.7998
34.3870, 2.4890
34.4070, 0.7151
34.4270, 1.3481
34.4470, 1.0643
34.4670, 3.7368
34.4870, 2.8689
34.5070, 1.5458
34.5270, 2.5400
34.5470, 0.6131
34.5670, 1.2947
34.5870, 2.0700
34.6070, 2.4164
34.6270, 1.8683
34.6470, 2.2128
34.6670, 2.0436
34.6871, 1.8023
34.7071, 1.6701
34.7271, 1.5404
34.7471, 2.1967
34.7671, 2.3751
34.7871, 2.1632
34.8071, 0.7902
34.8271, 0.9693
34.8471, 2.3632
34.8671, 3.4330
34.8871, 2.1174
34.9071, 1.5549
34.9271, 2.1892
34.9471, 0.8318
34.9671, 3.2707
34.9871, 2.1515
35.0071, 1.2979
35.0272, 1.7991
35.0472, 1.4399
35.0672, 3.2734
35.0872, 1.7638
35.1072, 2.1204
35.1272, 2.5376
35.1472, 1.2268
35.1672, 2.1586
35.1872, 2.2391
35.2072, 0.4157
35.2272, 2.2174
35.2472, 1.9198
35.2672, 2.0950
35.2872, 2.0010
35.3072, 2.2239
35.3272, 3.2990
35.3472, 0.7893
35.3672, 1.6243
35.3873, 2.6302
35.4073, 2.4450
35.4273, 2.4236
35.4473, 4.7113
35.4673, 2.5779
35.4873, 3.0932
35.5073, 1.6592
35.5273, 0.9753
35.5473, 1.6520
35.5673, 2.6754
35.5873, 2.3711
35.6073, 2.3676
35.6273, 1.7517
35.6473, 1.5927
35.6673, 1.7861
35.6873, 2.6879
35.7073, 2.8038
35.7274, 0.9620
35.7474, 2.7256
35.7674, 1.3166
35.7874, 2.4330
35.8074, 1.7740
35.8274, 3.5268
35.8474, 1.5485
35.8674, 2.1436
35.8874, 2.5703
35.9074, 1.0939
35.9274, 1.8928
35.9474, 1.6996
35.9674, 1.4531
35.9874, 1.5270
36.0074, 3.0743
36.0274, 1.3686
36.0474, 2.5303
36.0674, 2.2792
36.0875, 0.5724
36.1075, 2.4832
36.1275, 0.5559
36.1475, 2.5918
36.1675, 1.4597
36.1875, 1.9738
36.2075, 0.6748
36.2275, 2.0875
36.2475, 2.8898
36.2675, 1.1608
36.2875, 1.3600
36.3075, 2.4190
36.3275, 2.4450
36.3475, 0.0000
36.3675, 4.0008
36.3875, 2.5820
36.4075, 2.9286
36.4276, 2.5113
36.4476, 1.6321
36.4676, 5.5008
36.4876, 6.0325
36.5076, 8.9288
36.5276, 9.3790
36.5476, 9.9780
36.5676, 7.9826
36.5876, 7.9101
36.6076, 4.0416
36.6276, 5.9984
36.6476, 5.0427
36.6676, 3.9353
36.6876, 3.3557
36.7076, 1.9163
36.7276, 3.1377
36.7476, 1.8715
36.7676, 0.4167
36.7877, 3.4645
36.8077, 3.0911
36.8277, 1.9342
36.8477, 0.7437
36.8677, 1.3809
36.8877, 0.1494
36.9077, 2.9079
36.9277, 0.3666
36.9477, 2.2515
36.9677, 1.1241
36.9877, 0.5428
37.0077, 2.2031
37.0277, 1.6326
37.0477, 2.8013
37.0677, 0.7014
37.0877, 1.2103
37.1077, 0.0000
37.1278, 0.0000
37.1478, 3.7586
37.1678, 4.0432
37.1878, 2.0579
37.2078, 1.1439
37.2278, 1.6678
37.2478, 2.8366
37.2678, 1.4525
37.2878, 2.2024
37.3078, 1.9527
37.3278, 1.3982
37.3478, 1.4407
37.3678, 2.2579
37.3878, 0.9913
37.4078, 2.4159
37.4278, 1.4952
37.4478, 2.0925
37.4678, 3.3455
37.4879, 1.7977
37.5079, 2.8827
37.5279, 0.1785
37.5479, 1.4964
37.5679, 1.9931
37.5879, 3.8834
37.6079, 0.0110
37.6279, 1.8695
37.6479, 3.4180
37.6679, 1.1826
37.6879, 1.7532
37.7079, 2.2963
37.7279, 2.1494
37.7479, 3.5268
37.7679, 2.4127
37.7879, 3.2895
37.8079, 1.6065
37.8280, 1.2270
37.8480, 1.7404
37.8680, 0.8096
37.8880, 2.4476
37.9080, 1.5807
37.9280, 1.2955
37.9480, 2.4627
37.9680, 0.8249
37.9880, 2.7338
38.0080, 1.4885
38.0280, 3.1213
38.0480, 1.5738
38.0680, 2.5956
38.0880, 2.1445
38.1080, 2.7073
38.1280, 2.0751
38.1480, 0.3067
38.1680, 2.9714
38.1881, 1.8780
38.2081, 2.7527
38.2281, 2.6538
38.2481, 1.1943
38.2681, 1.0532
38.2881, 2.6190
38.3081, 1.6630
38.3281, 2.8992
38.3481, 1.7877
38.3681, 2.9860
38.3881, 2.3876
38.4081, 2.2526
38.4281, 1.5925
38.4481, 2.1972
38.4681, 3.1549
38.4881, 1.9114
38.5081, 2.4951
38.5282, 2.0117
38.5482, 2.0897
38.5682, 3.6840
38.5882, 3.1638
38.6082, 2.0446
38.6282, 2.1793
38.6482, 1.2655
38.6682, 1.7930
38.6882, 2.2740
38.7082, 2.8137
38.7282, 2.7126
38.7482, 0.8593
38.7682, 2.9397
38.7882, 1.8769
38.8082, 0.9812
38.8282, 3.2981
38.8482, 3.4246
38.8682, 2.2285
38.8883, 2.6722
38.9083, 2.7307
38.9283, 3.3573
38.9483, 2.6915
38.9683, 0.6415
38.9883, 3.9696
39.0083, 3.0281
39.0283, 1.4574
39.0483, 0.9387
39.0683, 2.4688
39.0883, 1.6880
39.1083, 2.2945
39.1283, 2.7068
39.1483, 1.4006
39.1683, 0.8525
39.1883, 2.3502
39.2083, 1.4336
39.2284, 2.1112
39.2484, 0.6264
39.2684, 1.7167
39.2884, 2.6904
39.3084, 2.6147
39.3284, 1.3240
39.3484, 1.1993
39.3684, 2.9235
39.3884, 4.4335
39.4084, 5.6828
39.4284, 6.3851
39.4484, 8.5512
39.4684, 10.3393
39.4884, 8.6138
39.5084, 5.5133
39.5284, 5.7325
39.5484, 6.1075
39.5684, 1.7461
39.5885, 2.4567
39.6085, 1.9113
39.6285, 2.1157
39.6485, 2.1741
39.6685, 3.1057
39.6885, 2.0507
39.7085, 3.2392
39.7285, 1.8481
39.7485, 1.6163
39.7685, 1.2981
39.7885, 0.1535
39.8085, 2.2405
39.8285, 4.0137
39.8485, 2.4224
39.8685, 2.6503
39.8885, 1.5536
39.9085, 1.7218
39.9286, 2.9473
39.9486, 3.9685
39.9686, 3.4492
39.9886, 2.7684
40.0086, 2.0005
40.0286, 2.1746
40.0486, 1.2141
40.0686, 0.5218
40.0886, 0.8442
40.1086, 2.0256
40.1286, 1.7134
40.1486, 0.6258
40.1686, 2.2739
40.1886, 2.4631
40.2086, 2.4439
40.2286, 4.4521
40.2486, 5.8873
40.2686, 6.7514
40.2887, 8.7838
40.3087, 5.5819
40.3287, 4.4068
40.3487, 5.0078
40.3687, 3.8518
40.3887, 3.2728
40.4087, 1.8194
40.4287, 1.1954
40.4487, 2.0043
40.4687, 1.5377
40.4887, 3.5151
40.5087, 1.6427
40.5287, 1.9125
40.5487, 4.4339
40.5687, 1.7712
40.5887, 2.5200
40.6087, 2.6099
40.6288, 2.6948
40.6488, 2.2541
40.6688, 2.1587
40.6888, 2.0655
40.7088, 1.3911
40.7288, 2.2900
40.7488, 3.9884
40.7688, 3.1727
40.7888, 2.2685
40.8088, 2.8189
40.8288, 1.0987
40.8488, 1.7057
40.8688, 2.9106
40.8888, 3.4484
40.9088, 1.1967
40.9288, 1.4832
40.9488, 4.1407
40.9688, 2.0614
40.9889, 3.7837
41.0089, 2.1717
41.0289, 2.2109
41.0489, 1.6608
41.0689, 2.9053
41.0889, 3.3194
41.1089, 0.9334
41.1289, 1.6140
41.1489, 2.8780
41.1689, 1.8363
41.1889, 1.4734
41.2089, 2.9721
41.2289, 3.0658
41.2489, 1.5171
41.2689, 2.1772
41.2889, 0.7604
41.3089, 1.0725
41.3290, 2.0893
41.3490, 1.9968
41.3690, 1.0013
41.3890, 1.2515
41.4090, 0.9034
41.4290, 2.4192
41.4490, 0.0033
41.4690, 0.9567
41.4890, 0.1077
41.5090, 2.3833
41.5290, 0.1678
41.5490, 1.9971
41.5690, 3.6004
41.5890, 3.6342
41.6090, 0.1646
41.6290, 2.2630
41.6490, 0.9793
41.6690, 0.7757
41.6891, 1.8523
41.7091, 3.1903
41.7291, 2.5634
41.7491, 1.2523
41.7691, 2.6685
41.7891, 0.0000
41.8091, 1.2146
41.8291, 1.1439
41.8491, 2.0435
41.8691, 1.7632
41.8891, 1.8244
41.9091, 1.7912
41.9291, 1.9878
41.9491, 2.5041
41.9691, 2.1144
41.9891, 1.6819
42.0091, 2.3661
42.0292, 2.7892
42.0492, 1.4110
42.0692, 1.9062
42.0892, 3.1241
42.1092, 0.8658
42.1292, 3.7651
42.1492, 0.6301
42.1692, 1.6211
42.1892, 1.0179
42.2092, 4.1473
42.2292, 1.4642
42.2492, 1.4694
42.2692, 1.6103
42.2892, 2.1150
42.3092, 1.8111
42.3292, 2.3072
42.3492, 0.0000
42.3692, 4.2625
42.3893, 5.8466
42.4093, 8.7124
42.4293, 10.5080
42.4493, 9.6392
42.4693, 10.0983
42.4893, 6.7080
42.5093, 6.7263
42.5293, 3.7376
42.5493, 1.9617
42.5693, 2.2877
42.5893, 3.5493
42.6093, 2.2053
42.6293, 3.4738
42.6493, 1.2226
42.6693, 3.0111
42.6893, 1.3152
42.7093, 2.1902
42.7294, 2.1815
42.7494, 2.6251
42.7694, 2.2155
42.7894, 1.2283
42.8094, 2.8433
42.8294, 3.6922
42.8494, 1.3833
42.8694, 0.1354
42.8894, 2.4634
42.9094, 1.6352
42.9294, 1.8347
42.9494, 2.5201
42.9694, 1.5103
42.9894, 1.6974
43.0094, 1.8656
43.0294, 3.4311
43.0494, 1.9954
43.0694, 0.7332
43.0895, 0.7729
43.1095, 2.1043
43.1295, 0.8392
43.1495, 0.4075
43.1695, 2.5992
43.1895, 2.6480
43.2095, 1.5983
43.2295, 2.2583
43.2495, 2.1530
43.2695, 2.5662
43.2895, 2.5685
43.3095, 0.0000
43.3295, 1.7256
43.3495, 2.4819
43.3695, 1.5561
43.3895, 2.0015
43.4095, 2.7140
43.4296, 2.0461
43.4496, 3.4691
43.4696, 3.0893
43.4896, 1.8472
43.5096, 1.7680
43.5296, 0.0000
43.5496, 1.6399
43.5696, 0.6160
43.5896, 2.1861
43.6096, 2.1179
43.6296, 2.6593
43.6496, 3.3582
43.6696, 1.9393
43.6896, 4.2394
43.7096, 2.1972
43.7296, 0.6589
43.7496, 1.4050
43.7696, 1.5937
43.7897, 2.5559
43.8097, 1.0209
43.8297, 1.6683
43.8497, 1.8049
43.8697, 1.5186
43.8897, 2.7746
43.9097, 2.6050
43.9297, 3.1287
43.9497, 1.6354
43.9697, 3.1646
43.9897, 0.6053
44.0097, 0.5810
44.0297, 0.7551
44.0497, 1.9746
44.0697, 3.1644
44.0897, 1.3650
44.1097, 1.4901
44.1298, 1.7500
44.1498, 2.5367
44.1698, 1.4892
44.1898, 1.4335
44.2098, 0.6238
44.2298, 1.3953
44.2498, 3.1396
44.2698, 2.0561
44.2898, 1.2277
44.3098, 3.1981
44.3298, 1.3819
44.3498, 3.3814
44.3698, 3.3651
44.3898, 2.0213
44.4098, 0.4711
44.4298, 4.2485
44.4498, 2.3516
44.4698, 1.6425
44.4899, 2.9189
44.5099, 2.6658
44.5299, 3.2727
44.5499, 1.3050
44.5699, 2.2830
44.5899, 0.7829
44.6099, 2.6299
44.6299, 1.9426
44.6499, 2.2457
44.6699, 1.8195
44.6899, 1.7152
44.7099, 1.0997
44.7299, 2.7537
44.7499, 3.4510
44.7699, 1.4103
44.7899, 2.5174
44.8099, 2.3964
44.8300, 1.9735
44.8500, 0.4431
44.8700, 0.6675
44.8900, 1.1867
44.9100, 0.0000
44.9300, 3.3695
44.9500, 2.3321
44.9700, 1.9356
44.9900, 0.0000
45.0100, 0.1467
45.0300, 1.9631
45.0500, 3.9304
45.0700, 1.2688
45.0900, 2.8268
45.1100, 1.4869
45.1300, 2.0205
45.1500, 3.1767
45.1700, 1.6205
45.1901, 1.2773
45.2101, 3.3795
45.2301, 2.0109
45.2501, 3.0536
45.2701, 1.2821
45.2901, 3.3682
45.3101, 2.2383
45.3301, 2.3990
45.3501, 2.0967
45.3701, 1.4614
45.3901, 1.9638
45.4101, 1.5241
45.4301, 2.9223
45.4501, 1.7630
45.4701, 0.4731
45.4901, 0.2907
45.5101, 0.2436
45.5302, 2.5817
45.5502, 0.8172
45.5702, 2.2650
45.5902, 2.1034
45.6102, 1.9087
45.6302, 2.4314
45.6502, 2.2145
45.6702, 0.0000
45.6902, 2.2203
45.7102, 3.5429
45.7302, 5.5761
45.7502, 6.5454
45.7702, 4.2518
45.7902, 5.5476
45.8102, 4.0367
45.8302, 6.3592
45.8502, 4.9299
45.8702, 3.4527
45.8903, 2.6987
45.9103, 3.5849
45.9303, 3.2624
45.9503, 3.1482
45.9703, 2.4284
45.9903, 1.6189
46.0103, 2.7308
46.0303, 2.7793
46.0503, 1.7754
46.0703, 1.6152
46.0903, 3.0956
46.1103, 3.6249
46.1303, 1.2182
46.1503, 1.7028
46.1703, 2.3154
46.1903, 2.4507
46.2103, 1.4445
46.2304, 3.8437
46.2504, 2.3864
46.2704, 2.4953
46.2904, 3.7194
46.3104, 1.5176
46.3304, 1.8773
46.3504, 0.7156
46.3704, 1.7936
46.3904, 0.4807
46.4104, 2.7112
46.4304, 2.3843
46.4504, 1.6892
46.4704, 1.8653
46.4904, 2.7248
46.5104, 0.8328
46.5304, 2.1690
46.5504, 2.6630
46.5704, 0.1882
46.5905, 2.6485
46.6105, 0.2961
46.6305, 1.8482
46.6505, 0.8053
46.6705, 3.3927
46.6905, 0.8116
46.7105, 0.3199
46.7305, 2.0984
46.7505, 1.5529
46.7705, 0.4651
46.7905, 2.4898
46.8105, 0.0000
46.8305, 0.9321
46.8505, 1.3918
46.8705, 2.7654
46.8905, 3.2573
46.9105, 3.0651
46.9306, 1.8126
46.9506, 0.0000
46.9706, 2.3552
46.9906, 3.4319
47.0106, 3.1958
47.0306, 2.4271
47.0506, 0.7793
47.0706, 1.4416
47.0906, 3.8938
47.1106, 0.5527
47.1306, 0.8208
47.1506, 2.9053
47.1706, 1.5355
47.1906, 0.7870
47.2106, 3.4891
47.2306, 2.4252
47.2506, 1.5847
47.2706, 0.8229
47.2907, 4.0071
47.3107, 1.9411
47.3307, 3.3588
47.3507, 2.8566
47.3707, 1.4460
47.3907, 1.4539
47.4107, 3.4077
47.4307, 3.4238
47.4507, 0.0938
47.4707, 2.5137
47.4907, 1.8446
47.5107, 0.9350
47.5307, 2.2265
47.5507, 0.6196
47.5707, 1.5003
47.5907, 1.1692
47.6107, 1.4671
47.6308, 1.8942
47.6508, 0.9527
47.6708, 3.5342
47.6908, 2.4573
47.7108, 3.7550
47.7308, 1.8058
47.7508, 1.4182
47.7708, 3.7189
47.7908, 1.3890
47.8108, 1.7877
47.8308, 2.6835
47.8508, 0.7312
47.8708, 2.6747
47.8908, 2.5472
47.9108, 3.2312
47.9308, 2.8530
47.9508, 3.2618
47.9708, 1.8553
47.9909, 1.1052
48.0109, 4.0695
48.0309, 0.4430
48.0509, 0.5429
48.0709, 2.5290
48.0909, 3.5859
48.1109, 2.1545
48.1309, 2.9619
48.1509, 0.0000
48.1709, 1.4673
48.1909, 0.0968
48.2109, 2.7437
48.2309, 0.4226
48.2509, 0.6912
48.2709, 2.4780
48.2909, 3.0243
48.3109, 1.8069
48.3310, 2.5340
48.3510, 2.5017
48.3710, 1.7506
48.3910, 0.8738
48.4110, 2.5287
48.4310, 2.5768
48.4510, 2.8570
48.4710, 2.2766
48.4910, 0.8002
48.5110, 2.6538
48.5310, 1.9641
48.5510, 1.4841
48.5710, 1.6716
48.5910, 1.2771
48.6110, 2.8518
48.6310, 0.5513
48.6510, 0.9748
48.6710, 1.6376
48.6911, 3.5747
48.7111, 3.0168
48.7311, 0.3292
48.7511, 3.3130
48.7711, 3.3111
48.7911, 0.7947
48.8111, 0.0000
48.8311, 1.8934
48.8511, 3.0847
48.8711, 3.5522
48.8911, 1.0971
48.9111, 3.7125
48.9311, 0.0000
48.9511, 1.5984
48.9711, 1.5494
48.9911, 3.1145
49.0111, 3.2601
49.0312, 2.9170
49.0512, 0.6187
49.0712, 2.8256
49.0912, 2.4731
49.1112, 0.2989
49.1312, 0.0000
49.1512, 3.0005
49.1712, 1.7859
49.1912, 0.6839
49.2112, 1.7579
49.2312, 2.3285
49.2512, 1.8828
49.2712, 0.4178
49.2912, 3.8457
49.3112, 2.9668
49.3312, 1.6310
49.3512, 1.6712
49.3712, 2.3239
49.3913, 0.8390
49.4113, 2.2872
49.4313, 0.6385
49.4513, 1.8951
49.4713, 0.8002
49.4913, 0.8505
49.5113, 3.6065
49.5313, 2.0245
49.5513, 2.1723
49.5713, 0.0000
49.5913, 1.3701
49.6113, 2.4254
49.6313, 2.1590
49.6513, 0.0000
49.6713, 2.1720
49.6913, 2.3310
49.7113, 3.2456
49.7314, 1.3121
49.7514, 0.0000
49.7714, 0.9715
49.7914, 0.8715
49.8114, 2.7001
49.8314, 0.0000
49.8514, 1.5184
49.8714, 3.3872
49.8914, 1.9727
49.9114, 2.8598
49.9314, 0.3312
49.9514, 0.3815
49.9714, 3.4524
49.9914, 2.2486
50.0114, 2.5983
50.0314, 2.1713
50.0514, 4.8883
50.0714, 5.9920
50.0915, 11.2645
50.1115, 15.6067
50.1315, 15.0455
50.1515, 13.7880
50.1715, 9.9955
50.1915, 7.9548
50.2115, 8.2916
50.2315, 3.4882
50.2515, 2.7619
50.2715, 3.0763
50.2915, 3.5973
50.3115, 1.8107
50.3315, 1.5729
50.3515, 2.0392
50.3715, 1.3400
50.3915, 1.3933
50.4115, 2.3762
50.4316, 2.1502
50.4516, 4.0911
50.4716, 2.4031
50.4916, 3.1134
50.5116, 0.8972
50.5316, 2.4891
50.5516, 1.2445
50.5716, 2.3598
50.5916, 2.6520
50.6116, 2.0152
50.6316, 4.3660
50.6516, 3.3894
50.6716, 3.1394
50.6916, 2.7276
50.7116, 3.7238
50.7316, 0.5325
50.7516, 3.3319
50.7716, 0.9770
50.7917, 1.4027
50.8117, 2.5253
50.8317, 3.1952
50.8517, 0.8151
50.8717, 1.4543
50.8917, 2.0627
50.9117, 1.7796
50.9317, 2.8171
50.9517, 5.3917
50.9717, 2.3836
50.9917, 1.2323
51.0117, 0.6726
51.0317, 1.6411
51.0517, 1.0278
51.0717, 2.4317
51.0917, 2.4162
51.1117, 1.5036
51.1318, 3.9448
51.1518, 1.2321
51.1718, 1.8464
51.1918, 2.6028
51.2118, 2.8550
51.2318, 3.2394
51.2518, 2.3927
51.2718, 3.0134
51.2918, 1.3022
51.3118, 2.8809
51.3318, 2.8676
51.3518, 3.4741
51.3718, 0.3017
51.3918, 1.0608
51.4118, 2.7863
51.4318, 0.0000
51.4518, 2.4561
51.4718, 3.0223
51.4919, 1.3907
51.5119, 1.5365
51.5319, 0.8943
51.5519, 1.4454
51.5719, 1.4743
51.5919, 1.2845
51.6119, 1.2298
51.6319, 1.6952
51.6519, 1.6831
51.6719, 3.8343
51.6919, 1.5724
51.7119, 2.3086
51.7319, 1.3902
51.7519, 1.3775
51.7719, 0.2659
51.7919, 0.3985
51.8119, 0.7618
51.8320, 2.1486
51.8520, 3.0386
51.8720, 0.1838
51.8920, 1.4179
51.9120, 0.6024
51.9320, 1.7019
51.9520, 3.0382
51.9720, 1.5198
51.9920, 1.9181
52.0120, 3.4166
52.0320, 2.4221
52.0520, 1.2075
52.0720, 2.1239
52.0920, 1.1402
52.1120, 2.3847
52.1320, 2.4793
52.1520, 0.6021
52.1720, 2.1401
52.1921, 1.8482
52.2121, 2.5086
52.2321, 2.7945
52.2521, 2.4416
52.2721, 1.6631
52.2921, 2.8962
52.3121, 1.0948
52.3321, 0.6486
52.3521, 0.0000
52.3721, 1.8955
52.3921, 1.1462
52.4121, 2.3621
52.4321, 0.0000
52.4521, 1.3201
52.4721, 2.4344
52.4921, 0.9385
52.5121, 2.3736
52.5322, 1.4100
52.5522, 1.9327
52.5722, 2.5589
52.5922, 2.9156
52.6122, 2.0577
52.6322, 1.1537
52.6522, 1.5087
52.6722, 2.6006
52.6922, 0.9471
52.7122, 1.7879
52.7322, 1.5806
52.7522, 1.8624
52.7722, 0.9590
52.7922, 0.1187
52.8122, 2.4847
52.8322, 2.9269
52.8522, 0.1783
52.8722, 2.3333
52.8923, 3.0456
52.9123, 2.5597
52.9323, 1.5499
52.9523, 1.0246
52.9723, 2.0462
52.9923, 2.2125
53.0123, 2.0610
53.0323, 1.7858
53.0523, 0.8858
53.0723, 2.3869
53.0923, 2.4350
53.1123, 2.1657
53.1323, 2.0761
53.1523, 3.6400
53.1723, 1.3428
53.1923, 3.2433
53.2123, 1.2335
53.2324, 3.0713
53.2524, 3.1953
53.2724, 1.6732
53.2924, 3.6217
53.3124, 2.4332
53.3324, 1.0906
53.3524, 1.5923
53.3724, 3.0950
53.3924, 2.8859
53.4124, 0.9104
53.4324, 1.8266
53.4524, 2.1684
53.4724, 1.4593
53.4924, 4.3166
53.5124, 2.1985
53.5324, 1.9038
53.5524, 3.1529
53.5724, 1.6013
53.5925, 2.9700
53.6125, 0.3024
53.6325, 1.5131
53.6525, 3.0116
53.6725, 3.5312
53.6925, 1.1943
53.7125, 1.0781
53.7325, 2.5313
53.7525, 1.3442
53.7725, 1.6976
53.7925, 2.8394
53.8125, 1.4229
53.8325, 0.0055
53.8525, 0.6680
53.8725, 1.9754
53.8925, 0.1073
53.9125, 1.6691
53.9326, 0.5773
53.9526, 3.6008
53.9726, 4.1245
53.9926, 0.9102
54.0126, 2.2215
54.0326, 1.0077
54.0526, 1.6570
54.0726, 3.7638
54.0926, 1.5001
54.1126, 1.6802
54.1326, 1.0256
54.1526, 3.1084
54.1726, 0.0000
54.1926, 1.5239
54.2126, 1.9197
54.2326, 1.3062
54.2526, 2.8266
54.2726, 3.1641
54.2927, 0.5574
54.3127, 4.0530
54.3327, 0.5462
54.3527, 3.2505
54.3727, 2.1149
54.3927, 1.4632
54.4127, 1.5572
54.4327, 1.9320
54.4527, 2.1733
54.4727, 1.0479
54.4927, 1.7322
54.5127, 1.1969
54.5327, 0.7538
54.5527, 1.1504
54.5727, 0.8187
54.5927, 1.5465
54.6127, 2.3967
54.6328, 2.0859
54.6528, 3.9347
54.6728, 0.0000
54.6928, 2.4428
54.7128, 2.0055
54.7328, 2.8835
54.7528, 2.9589
54.7728, 2.4382
54.7928, 3.3853
54.8128, 3.3173
54.8328, 5.5893
54.8528, 3.8055
54.8728, 6.6650
54.8928, 5.4980
54.9128, 4.2409
54.9328, 3.5714
54.9528, 2.8553
54.9728, 3.7719
54.9929, 5.4048
55.0129, 3.2591
55.0329, 1.4255
55.0529, 2.5997
55.0729, 2.6383
55.0929, 1.0432
55.1129, 0.7087
55.1329, 1.9046
55.1529, 2.7803
55.1729, 0.3921
55.1929, 1.3520
55.2129, 2.8172
55.2329, 2.6475
55.2529, 4.6303
55.2729, 2.6579
55.2929, 7.3285
55.3129, 4.1486
55.3330, 3.8663
55.3530, 5.4583
55.3730, 3.5893
55.3930, 3.7588
55.4130, 2.9361
55.4330, 2.2804
55.4530, 1.3391
55.4730, 2.4736
55.4930, 1.6726
55.5130, 3.0722
55.5330, 1.7870
55.5530, 1.0038
55.5730, 0.2825
55.5930, 1.7938
55.6130, 0.6998
55.6330, 0.6193
55.6530, 2.4914
55.6730, 0.1928
55.6931, 3.3737
55.7131, 2.1247
55.7331, 1.9217
55.7531, 0.9336
55.7731, 2.7277
55.7931, 1.9625
55.8131, 1.2813
55.8331, 2.1647
55.8531, 0.2874
55.8731, 0.3347
55.8931, 0.8484
55.9131, 2.3140
55.9331, 1.9622
55.9531, 3.0115
55.9731, 1.0480
55.9931, 2.5385
56.0131, 1.8519
56.0332, 1.0251
56.0532, 2.3497
56.0732, 1.8996
56.0932, 1.3381
56.1132, 2.0073
56.1332, 1.8363
56.1532, 1.8122
56.1732, 1.5540
56.1932, 0.6642
56.2132, 2.0400
56.2332, 1.1650
56.2532, 0.9480
56.2732, 1.7254
56.2932, 2.6974
56.3132, 2.1505
56.3332, 1.4358
56.3532, 1.3957
56.3732, 2.5995
56.3933, 0.0000
56.4133, 2.7606
56.4333, 0.0967
56.4533, 0.5540
56.4733, 1.4526
56.4933, 4.1295
56.5133, 3.6381
56.5333, 2.6699
56.5533, 2.3210
56.5733, 0.1084
56.5933, 2.1218
56.6133, 1.4178
56.6333, 1.1511
56.6533, 2.1198
56.6733, 1.4957
56.6933, 2.8323
56.7133, 0.0349
56.7334, 2.0402
56.7534, 1.0888
56.7734, 1.5570
56.7934, 2.2692
56.8134, 0.8513
56.8334, 2.1292
56.8534, 1.7537
56.8734, 1.3067
56.8934, 1.4962
56.9134, 1.8113
56.9334, 1.1998
56.9534, 1.9725
56.9734, 1.6881
56.9934, 1.3559
57.0134, 3.5508
57.0334, 2.3795
57.0534, 1.5838
57.0734, 2.1109
57.0935, 0.9415
57.1135, 1.5299
57.1335, 1.6463
57.1535, 0.7222
57.1735, 2.3517
57.1935, 1.4613
57.2135, 1.6110
57.2335, 1.3983
57.2535, 4.9162
57.2735, 1.3047
57.2935, 0.0000
57.3135, 0.3700
57.3335, 2.7226
57.3535, 3.2981
57.3735, 1.2856
57.3935, 3.2408
57.4135, 2.7049
57.4336, 1.7765
57.4536, 1.7057
57.4736, 2.1458
57.4936, 2.8404
57.5136, 2.3616
57.5336, 1.2905
57.5536, 1.7917
57.5736, 3.9411
57.5936, 2.2160
57.6136, 2.8323
57.6336, 2.5038
57.6536, 2.2380
57.6736, 2.0738
57.6936, 2.8603
57.7136, 2.6821
57.7336, 2.2286
57.7536, 1.2736
57.7736, 2.3499
57.7937, 1.8986
57.8137, 1.6581
57.8337, 4.6367
57.8537, 0.4307
57.8737, 2.9213
57.8937, 1.1052
57.9137, 2.0963
57.9337, 4.5268
57.9537, 1.0058
57.9737, 1.2436
57.9937, 1.9480
58.0137, 1.1206
58.0337, 2.8470
58.0537, 1.4324
58.0737, 2.6176
58.0937, 0.6400
58.1137, 0.1637
58.1338, 1.7371
58.1538, 0.4013
58.1738, 3.4794
58.1938, 0.4399
58.2138, 0.9307
58.2338, 2.3779
58.2538, 1.3807
58.2738, 0.4513
58.2938, 3.9997
58.3138, 0.9666
58.3338, 1.7697
58.3538, 1.7568
58.3738, 2.6738
58.3938, 2.4265
58.4138, 1.1410
58.4338, 1.6405
58.4538, 1.7392
58.4738, 2.7123
58.4939, 0.8004
58.5139, 3.9779
58.5339, 1.2084
58.5539, 1.9567
58.5739, 0.8087
58.5939, 0.6709
58.6139, 1.0935
58.6339, 0.9977
58.6539, 1.5524
58.6739, 0.9892
58.6939, 2.6590
58.7139, 1.1847
58.7339, 1.0741
58.7539, 1.5736
58.7739, 2.9555
58.7939, 2.1797
58.8139, 1.8660
58.8340, 0.5364
58.8540, 0.8260
58.8740, 0.6906
58.8940, 3.2686
58.9140, 2.4945
58.9340, 1.1062
58.9540, 1.4027
58.9740, 1.1425
58.9940, 1.0821
59.0140, 2.4245
59.0340, 1.6787
59.0540, 4.0408
59.0740, 3.2123
59.0940, 3.2712
59.1140, 2.6349
59.1340, 1.5440
59.1540, 2.5616
59.1740, 1.6176
59.1941, 3.5911
59.2141, 2.3686
59.2341, 2.2271
59.2541, 2.0922
59.2741, 3.7008
59.2941, 0.5357
59.3141, 3.7986
59.3341, 1.7798
59.3541, 0.5633
59.3741, 1.2154
59.3941, 0.3193
59.4141, 2.6173
59.4341, 0.9301
59.4541, 2.1336
59.4741, 3.0965
59.4941, 1.2953
59.5141, 1.6981
59.5342, 0.6657
59.5542, 1.5782
59.5742, 4.5322
59.5942, 2.7412
59.6142, 1.7015
59.6342, 1.3555
59.6542, 1.9229
59.6742, 2.0951
59.6942, 1.5476
59.7142, 2.4941
59.7342, 1.0149
59.7542, 1.0112
59.7742, 2.3410
59.7942, 0.8248
59.8142, 2.7746
59.8342, 2.1850
59.8542, 0.7131
59.8742, 3.2674
59.8943, 2.4229
59.9143, 5.9414
59.9343, 6.0429
59.9543, 8.6940
59.9743, 7.7582
59.9943, 4.8262
60.0143, 2.7362
60.0343, 2.9101
60.0543, 1.6344
60.0743, 4.1831
60.0943, 2.1075
60.1143, 2.9464
60.1343, 1.6954
60.1543, 1.7897
60.1743, 1.9336
60.1943, 3.0690
60.2143, 2.2762
60.2344, 0.9111
60.2544, 3.5834
60.2744, 1.6735
60.2944, 1.5112
60.3144, 0.0000
60.3344, 2.5981
60.3544, 2.0662
60.3744, 2.0651
60.3944, 1.5638
60.4144, 1.3918
60.4344, 1.5969
60.4544, 2.4273
60.4744, 2.6028
60.4944, 1.7351
60.5144, 2.9117
60.5344, 1.8867
60.5544, 1.4626
60.5744, 2.1633
60.5945, 0.6099
60.6145, 2.1975
60.6345, 0.4276
60.6545, 0.9406
60.6745, 0.0000
60.6945, 1.7908
60.7145, 3.5706
60.7345, 1.8487
60.7545, 2.6072
60.7745, 4.3111
60.7945, 2.3684
60.8145, 1.2024
60.8345, 1.3396
60.8545, 1.9661
60.8745, 1.3343
60.8945, 1.4089
60.9145, 2.9479
60.9346, 2.9887
60.9546, 0.3232
60.9746, 1.1496
60.9946, 1.5027
61.0146, 2.5628
61.0346, 3.1053
61.0546, 4.6598
61.0746, 1.5011
61.0946, 1.5509
61.1146, 2.5524
61.1346, 1.2851
61.1546, 1.8249
61.1746, 1.5516
61.1946, 0.0000
61.2146, 2.0883
61.2346, 1.7836
61.2546, 3.2331
61.2746, 1.9709
61.2947, 0.7142
61.3147, 1.7081
61.3347, 0.0000
61.3547, 0.7579
61.3747, 2.5992
61.3947, 1.7188
61.4147, 2.8854
61.4347, 0.0041
61.4547, 1.7237
61.4747, 1.4913
61.4947, 2.9186
61.5147, 2.6363
61.5347, 2.6059
61.5547, 3.5025
61.5747, 1.5984
61.5947, 3.2968
61.6147, 0.9242
61.6348, 0.8876
61.6548, 2.7161
61.6748, 0.4649
61.6948, 2.5366
61.7148, 2.0665
61.7348, 3.0343
61.7548, 1.9062
61.7748, 2.0213
61.7948, 2.4733
61.8148, 1.3047
61.8348, 1.2612
61.8548, 2.4385
61.8748, 1.9362
61.8948, 1.5593
61.9148, 1.8829
61.9348, 3.5555
61.9548, 1.5237
61.9748, 1.4948
61.9949, 0.2628
62.0149, 1.9232
62.0349, 2.6205
62.0549, 2.7993
62.0749, 2.0734
62.0949, 2.9186
62.1149, 2.6946
62.1349, 3.0753
62.1549, 2.9470
62.1749, 3.5310
62.1949, 1.7962
62.2149, 0.6421
62.2349, 2.6273
62.2549, 2.7438
62.2749, 3.5310
62.2949, 3.2431
62.3149, 3.9054
62.3350, 2.5836
62.3550, 2.1936
62.3750, 0.5844
62.3950, 2.2727
62.4150, 1.4145
62.4350, 2.1764
62.4550, 2.0198
62.4750, 2.4359
62.4950, 1.8684
62.5150, 2.8978
62.5350, 0.0000
62.5550, 2.1549
62.5750, 3.1646
62.5950, 3.8302
62.6150, 2.6953
62.6350, 3.6456
62.6550, 2.1339
62.6751, 1.9683
62.6951, 2.4934
62.7151, 1.9623
62.7351, 1.1853
62.7551, 1.4517
62.7751, 0.8564
62.7951, 2.4923
62.8151, 1.9768
62.8351, 1.6062
62.8551, 1.4004
62.8751, 2.4691
62.8951, 2.7437
62.9151, 0.8381
62.9351, 0.6814
62.9551, 2.9173
62.9751, 0.5942
62.9951, 2.5114
63.0151, 3.5778
63.0352, 3.5801
63.0552, 2.7012
63.0752, 2.6723
63.0952, 4.2110
63.1152, 0.0000
63.1352, 1.5024
63.1552, 2.8116
63.1752, 1.6291
63.1952, 3.2017
63.2152, 1.9262
63.2352, 2.0968
63.2552, 1.6915
63.2752, 1.4444
63.2952, 1.4199
63.3152, 2.2358
63.3352, 1.1931
63.3552, 2.9160
63.3753, 2.6168
63.3953, 3.0618
63.4153, 0.8397
63.4353, 0.2707
63.4553, 1.9613
63.4753, 4.8561
63.4953, 3.2281
63.5153, 1.4126
63.5353, 2.3888
63.5553, 2.6910
63.5753, 0.6009
63.5953, 3.3312
63.6153, 1.7985
63.6353, 1.8750
63.6553, 1.9892
63.6753, 3.1068
63.6953, 1.2124
63.7153, 0.2633
63.7354, 2.2875
63.7554, 0.0000
63.7754, 1.6652
63.7954, 3.1492
63.8154, 2.5438
63.8354, 3.0090
63.8554, 2.6000
63.8754, 4.4216
63.8954, 1.5272
63.9154, 2.7212
63.9354, 2.2720
63.9554, 4.2402
63.9754, 3.9149
63.9954, 6.3041
64.0154, 4.3725
64.0354, 6.1845
64.0554, 4.8717
64.0755, 3.5641
64.0955, 3.4914
64.1155, 2.7360
64.1355, 2.5467
64.1555, 1.8452
64.1755, 1.2939
64.1955, 1.6392
64.2155, 0.2889
64.2355, 2.8054
64.2555, 0.7338
64.2755, 1.7484
64.2955, 2.6117
64.3155, 2.8025
64.3355, 0.1958
64.3555, 1.8739
64.3755, 2.4239
64.3955, 2.0173
64.4155, 3.3057
64.4356, 1.1460
64.4556, 0.0000
64.4756, 2.7735
64.4956, 1.4299
64.5156, 0.2119
64.5356, 1.8074
64.5556, 3.1925
64.5756, 0.7057
64.5956, 4.2949
64.6156, 1.1299
64.6356, 2.0522
64.6556, 0.7497
64.6756, 2.0069
64.6956, 1.8321
64.7156, 0.4801
64.7356, 4.7833
64.7556, 1.4715
64.7757, 1.4724
64.7957, 2.9318
64.8157, 3.7746
64.8357, 3.0887
64.8557, 0.7676
64.8757, 2.1788
64.8957, 0.0894
64.9157, 2.8646
64.9357, 0.3349
64.9557, 1.1645
64.9757, 1.9623
64.9957, 2.4092
65.0157, 1.7052
65.0357, 3.4803
65.0557, 2.6867
65.0757, 2.6084
65.0957, 0.7395
65.1157, 3.6600
65.1358, 1.1646
65.1558, 3.6981
65.1758, 3.9820
65.1958, 2.4767
65.2158, 2.9946
65.2358, 0.0000
65.2558, 1.7710
65.2758, 3.0645
65.2958, 2.8874
65.3158, 0.7492
65.3358, 1.6725
65.3558, 0.0000
65.3758, 2.3773
65.3958, 0.0874
65.4158, 3.0927
65.4358, 3.1448
65.4558, 1.4924
65.4759, 2.4853
65.4959, 1.7490
65.5159, 2.2067
65.5359, 0.8214
65.5559, 2.5862
65.5759, 0.3289
65.5959, 0.1407
65.6159, 1.8439
65.6359, 1.7548
65.6559, 2.2370
65.6759, 1.3178
65.6959, 3.8458
65.7159, 2.1256
65.7359, 2.1977
65.7559, 2.1621
65.7759, 2.9655
65.7959, 2.5398
65.8159, 2.4062
65.8360, 2.6994
65.8560, 0.1460
65.8760, 0.1836
65.8960, 1.8896
65.9160, 1.7683
65.9360, 2.5436
65.9560, 1.9854
65.9760, 2.5457
65.9960, 0.7234
66.0160, 1.9547
66.0360, 0.6282
66.0560, 2.3512
66.0760, 0.0924
66.0960, 2.3128
66.1160, 0.5006
66.1360, 1.5830
66.1560, 2.8579
66.1761, 2.1922
66.1961, 0.3244
66.2161, 1.2949
66.2361, 0.4683
66.2561, 0.2755
66.2761, 2.0828
66.2961, 2.5242
66.3161, 2.4048
66.3361, 2.5664
66.3561, 1.9536
66.3761, 1.6928
66.3961, 0.8954
66.4161, 1.5266
66.4361, 0.6478
66.4561, 1.1227
66.4761, 2.0541
66.4961, 1.8480
66.5161, 5.0216
66.5362, 0.6234
66.5562, 1.8407
66.5762, 0.5457
66.5962, 1.5788
66.6162, 1.6193
66.6362, 2.8079
66.6562, 1.5170
66.6762, 1.7747
66.6962, 1.5363
66.7162, 0.5683
66.7362, 1.3152
66.7562, 1.5846
66.7762, 2.0391
66.7962, 2.5228
66.8162, 1.7315
66.8362, 1.7140
66.8562, 0.2495
66.8763, 2.5037
66.8963, 1.2715
66.9163, 2.7105
66.9363, 3.2782
66.9563, 1.7781
66.9763, 0.9450
66.9963, 1.9488
67.0163, 2.3132
67.0363, 1.6508
67.0563, 1.4030
67.0763, 2.5274
67.0963, 2.4616
67.1163, 1.6201
67.1363, 0.3160
67.1563, 2.4205
67.1763, 1.2003
67.1963, 2.1792
67.2163, 2.1162
67.2364, 0.0818
67.2564, 2.0463
67.2764, 2.4785
67.2964, 2.6008
67.3164, 2.0825
67.3364, 0.0000
67.3564, 3.2389
67.3764, 2.3753
67.3964, 0.7655
67.4164, 1.1799
67.4364, 2.1960
67.4564, 2.6433
67.4764, 1.4789
67.4964, 2.7887
67.5164, 0.1781
67.5364, 0.9279
67.5564, 0.0000
67.5765, 1.1048
67.5965, 3.5809
67.6165, 4.3297
67.6365, 2.9480
67.6565, 2.8677
67.6765, 4.4558
67.6965, 6.5324
67.7165, 5.7080
67.7365, 7.2770
67.7565, 8.9915
67.7765, 5.4845
67.7965, 4.4066
67.8165, 3.8884
67.8365, 3.2284
67.8565, 1.7738
67.8765, 2.2050
67.8965, 2.6244
67.9165, 3.9363
67.9366, 1.8447
67.9566, 1.9325
67.9766, 3.5174
67.9966, 1.5114
68.0166, 0.9064
68.0366, 2.8417
68.0566, 4.3257
68.0766, 4.5913
68.0966, 5.2877
68.1166, 4.9433
68.1366, 6.8100
68.1566, 7.8544
68.1766, 4.5302
68.1966, 4.3715
68.2166, 3.1652
68.2366, 2.0834
68.2566, 2.5705
68.2767, 2.5424
68.2967, 2.4406
68.3167, 1.0035
68.3367, 0.3270
68.3567, 2.2277
68.3767, 1.4611
68.3967, 3.7986
68.4167, 3.8447
68.4367, 3.9505
68.4567, 1.0280
68.4767, 2.5332
68.4967, 2.8339
68.5167, 2.7217
68.5367, 1.6120
68.5567, 3.2410
68.5767, 1.9659
68.5967, 2.0932
68.6167, 0.4319
68.6368, 2.6084
68.6568, 1.7058
68.6768, 2.4289
68.6968, 2.1999
68.7168, 2.1459
68.7368, 1.9199
68.7568, 2.7498
68.7768, 1.7671
68.7968, 0.5143
68.8168, 2.5328
68.8368, 1.1587
68.8568, 0.6449
68.8768, 0.9461
68.8968, 2.2480
68.9168, 1.8692
68.9368, 0.0000
68.9568, 1.5829
68.9769, 3.1314
68.9969, 1.5154
69.0169, 1.8004
69.0369, 3.0055
69.0569, 2.7587
69.0769, 2.9843
69.0969, 0.0000
69.1169, 3.6941
69.1369, 2.6001
69.1569, 4.4200
69.1769, 1.1853
69.1969, 0.2070
69.2169, 1.9726
69.2369, 1.6908
69.2569, 2.6173
69.2769, 3.0374
69.2969, 1.8784
69.3169, 1.7254
69.3370, 2.4867
69.3570, 1.7098
69.3770, 1.6264
69.3970, 2.9997
69.4170, 3.2217
69.4370, 3.0464
69.4570, 1.7977
69.4770, 0.0000
69.4970, 1.8177
69.5170, 1.2096
69.5370, 1.8361
69.5570, 1.2962
69.5770, 1.9448
69.5970, 0.9291
69.6170, 0.6883
69.6370, 3.1847
69.6570, 0.9985
69.6771, 1.9658
69.6971, 2.9173
69.7171, 2.8772
69.7371, 2.7581
69.7571, 2.2675
69.7771, 2.6874
69.7971, 3.3347
69.8171, 2.3893
69.8371, 0.1334
69.8571, 1.4384
69.8771, 2.6599
69.8971, 1.3401
69.9171, 3.5810
69.9371, 1.9024
69.9571, 2.0505
69.9771, 3.0870
69.9971, 1.7831
70.0171, 2.1412
70.0372, 2.8620
70.0572, 0.4973
70.0772, 1.6810
70.0972, 2.7923
70.1172, 2.0309
70.1372, 3.4287
70.1572, 0.3940
70.1772, 0.2802
70.1972, 2.7330
70.2172, 2.8288
70.2372, 1.7727
70.2572, 2.3647
70.2772, 2.7086
70.2972, 1.1539
70.3172, 1.2606
70.3372, 2.1546
70.3572, 2.8670
70.3773, 0.8028
70.3973, 1.7681
70.4173, 1.7219
70.4373, 2.3822
70.4573, 1.9568
70.4773, 1.4211
70.4973, 3.2105
70.5173, 1.4277
70.5373, 1.6742
70.5573, 0.3784
70.5773, 1.2538
70.5973, 2.4801
70.6173, 2.2851
70.6373, 2.5633
70.6573, 2.5149
70.6773, 4.0473
70.6973, 1.2197
70.7173, 0.3506
70.7374, 0.9178
70.7574, 1.2638
70.7774, 0.9939
70.7974, 2.0588
70.8174, 3.2146
70.8374, 3.5008
70.8574, 2.4683
70.8774, 4.1007
70.8974, 1.6101
70.9174, 0.3375
70.9374, 3.0157
70.9574, 0.1320
70.9774, 1.2126
70.9974, 2.4841
71.0174, 1.8634
71.0374, 1.7750
71.0574, 0.7880
71.0775, 1.9547
71.0975, 2.9663
71.1175, 1.9854
71.1375, 1.1376
71.1575, 0.7214
71.1775, 1.1581
71.1975, 2.3567
71.2175, 2.3081
71.2375, 1.1672
71.2575, 0.0000
71.2775, 2.3843
71.2975, 1.0703
71.3175, 2.6526
71.3375, 1.2115
71.3575, 0.9803
71.3775, 2.1182
71.3975, 4.3165
71.4175, 2.7124
71.4376, 2.1013
71.4576, 2.3233
71.4776, 0.2193
71.4976, 0.8463
71.5176, 0.0000
71.5376, 3.6905
71.5576, 3.4885
71.5776, 2.3572
71.5976, 2.1002
71.6176, 0.4182
71.6376, 1.7468
71.6576, 3.7528
71.6776, 2.0965
71.6976, 1.4024
71.7176, 0.2123
71.7376, 3.3419
71.7576, 1.8956
71.7777, 0.2137
71.7977, 1.0438
71.8177, 0.6915
71.8377, 1.8341
71.8577, 2.1722
71.8777, 1.4636
71.8977, 2.7403
71.9177, 2.0440
71.9377, 3.0248
71.9577, 1.6093
71.9777, 5.0022
71.9977, 1.4025
72.0177, 1.0647
72.0377, 0.9420
72.0577, 1.7551
72.0777, 0.2507
72.0977, 2.2592
72.1177, 0.0655
72.1378, 2.1267
72.1578, 0.6180
72.1778, 1.5852
72.1978, 2.5683
72.2178, 4.2630
72.2378, 0.8905
72.2578, 1.8156
72.2778, 1.2437
72.2978, 1.0980
72.3178, 1.2525
72.3378, 2.7872
72.3578, 1.4788
72.3778, 4.2084
72.3978, 2.3803
72.4178, 0.9583
72.4378, 1.5998
72.4578, 1.1659
72.4779, 2.7633
72.4979, 0.3313
72.5179, 0.6283
72.5379, 1.3756
72.5579, 2.6465
72.5779, 3.1950
72.5979, 3.3421
72.6179, 2.4938
72.6379, 1.8828
72.6579, 2.7578
72.6779, 0.8242
72.6979, 0.1260
72.7179, 2.4009
72.7379, 0.9626
72.7579, 1.9003
72.7779, 2.0847
72.7979, 2.2129
72.8179, 2.9006
72.8380, 2.7952
72.8580, 2.1599
72.8780, 1.5247
72.8980, 2.0729
72.9180, 1.3709
72.9380, 1.7696
72.9580, 4.5763
72.9780, 2.1471
72.9980, 2.4144
73.0180, 1.2619
73.0380, 2.9827
73.0580, 2.7236
73.0780, 2.7306
73.0980, 2.1797
73.1180, 2.9967
73.1380, 3.2336
73.1580, 2.2477
73.1781, 1.8512
73.1981, 2.8575
73.2181, 1.0639
73.2381, 1.2496
73.2581, 1.9130
73.2781, 0.2323
73.2981, 2.8040
73.3181, 1.0515
73.3381, 1.6332
73.3581, 2.1055
73.3781, 2.7780
73.3981, 3.0762
73.4181, 4.2394
73.4381, 5.1385
73.4581, 5.3454
73.4781, 5.0755
73.4981, 6.4188
73.5181, 2.3826
73.5382, 3.3676
73.5582, 2.3781
73.5782, 2.7963
73.5982, 0.6815
73.6182, 1.5244
73.6382, 1.8803
73.6582, 3.0368
73.6782, 2.2976
73.6982, 0.7855
73.7182, 1.4794
73.7382, 2.8490
73.7582, 0.7680
73.7782, 1.8870
73.7982, 1.9564
73.8182, 1.5807
73.8382, 4.6536
73.8582, 1.5539
73.8783, 2.4139
73.8983, 1.2013
73.9183, 2.4917
73.9383, 2.8338
73.9583, 1.3791
73.9783, 1.9109
73.9983, 1.0727
74.0183, 0.8243
74.0383, 2.9993
74.0583, 1.4130
74.0783, 0.0000
74.0983, 3.7258
74.1183, 1.1656
74.1383, 1.7198
74.1583, 3.6017
74.1783, 1.8241
74.1983, 1.8026
74.2183, 0.7407
74.2384, 0.3352
74.2584, 1.7995
74.2784, 2.3272
74.2984, 2.2701
74.3184, 1.4855
74.3384, 1.9856
74.3584, 0.1334
74.3784, 2.4243
74.3984, 2.1264
74.4184, 3.9336
74.4384, 1.9729
74.4584, 1.0254
74.4784, 1.9149
74.4984, 1.6386
74.5184, 2.3989
74.5384, 1.9923
74.5584, 0.7090
74.5785, 0.3343
74.5985, 2.2276
74.6185, 3.3447
74.6385, 2.0446
74.6585, 2.7765
74.6785, 2.9754
74.6985, 2.2315
74.7185, 1.1532
74.7385, 2.1602
74.7585, 3.1691
74.7785, 2.4938
74.7985, 2.7116
74.8185, 1.5042
74.8385, 1.7637
74.8585, 1.8471
74.8785, 1.9143
74.8985, 3.1301
74.9185, 0.0000
74.9386, 1.9959
74.9586, 1.8862
74.9786, 0.5978
74.9986, 2.6353
75.0186, 1.2430
75.0386, 1.6094
75.0586, 3.8090
75.0786, 2.9726
75.0986, 2.5383
75.1186, 2.3452
75.1386, 1.8012
75.1586, 3.9592
75.1786, 2.7654
75.1986, 1.2180
75.2186, 0.5693
75.2386, 2.5307
75.2586, 1.9097
75.2787, 0.5405
75.2987, 2.3928
75.3187, 1.6972
75.3387, 2.4946
75.3587, 2.4059
75.3787, 1.3589
75.3987, 2.5965
75.4187, 1.4689
75.4387, 1.5338
75.4587, 1.4347
75.4787, 3.0932
75.4987, 1.6857
75.5187, 3.3340
75.5387, 3.7439
75.5587, 1.2288
75.5787, 0.0000
75.5987, 3.0070
75.6187, 1.6244
75.6388, 1.1017
75.6588, 1.3784
75.6788, 1.5518
75.6988, 3.2590
75.7188, 2.1249
75.7388, 3.2454
75.7588, 2.4583
75.7788, 1.6571
75.7988, 1.5762
75.8188, 2.5255
75.8388, 2.7836
75.8588, 2.9594
75.8788, 1.7046
75.8988, 2.1402
75.9188, 2.5478
75.9388, 1.5826
75.9588, 0.8337
75.9789, 1.1614
75.9989, 1.7251
76.0189, 2.6258
76.0389, 3.2209
76.0589, 0.6132
76.0789, 1.3698
76.0989, 1.6086
76.1189, 2.7579
76.1389, 1.4388
76.1589, 1.5369
76.1789, 0.5574
76.1989, 2.4475
76.2189, 1.8045
76.2389, 1.3132
76.2589, 1.7067
76.2789, 3.0893
76.2989, 0.9634
76.3189, 1.1262
76.3390, 3.2142
76.3590, 2.0410
76.3790, 2.6333
76.3990, 2.3661
76.4190, 1.9302
76.4390, 1.6181
76.4590, 2.7947
76.4790, 3.1245
76.4990, 3.0466
76.5190, 0.7833
76.5390, 3.2667
76.5590, 1.6085
76.5790, 1.2125
76.5990, 1.7966
76.6190, 2.7942
76.6390, 2.5044
76.6590, 1.7108
76.6791, 2.8008
76.6991, 2.1049
76.7191, 1.3941
76.7391, 1.2594
76.7591, 2.3745
76.7791, 1.8832
76.7991, 0.5938
76.8191, 2.8102
76.8391, 1.4865
76.8591, 3.5531
76.8791, 0.5664
76.8991, 1.7852
76.9191, 1.2674
76.9391, 0.9928
76.9591, 1.4800
76.9791, 3.7310
76.9991, 2.1084
77.0191, 1.1760
77.0392, 0.1420
77.0592, 0.2489
77.0792, 1.4305
77.0992, 1.3335
77.1192, 1.7420
77.1392, 0.0000
77.1592, 1.8740
77.1792, 2.9903
77.1992, 3.5837
77.2192, 0.0763
77.2392, 1.1663
77.2592, 1.1136
77.2792, 2.1108
77.2992, 0.7491
77.3192, 3.6430
77.3392, 2.0088
77.3592, 1.8426
77.3793, 3.5537
77.3993, 1.9494
77.4193, 2.3646
77.4393, 1.2168
77.4593, 0.5988
77.4793, 1.3568
77.4993, 4.1463
77.5193, 2.5967
77.5393, 2.2392
77.5593, 0.9918
77.5793, 2.8741
77.5993, 0.6116
77.6193, 0.4028
77.6393, 1.4081
77.6593, 3.9144
77.6793, 3.8580
77.6993, 1.5155
77.7193, 1.2931
77.7394, 0.3297
77.7594, 2.0433
77.7794, 2.1270
77.7994, 2.7528
77.8194, 2.8736
77.8394, 1.7686
77.8594, 2.5199
77.8794, 1.2668
77.8994, 2.5010
77.9194, 1.4596
77.9394, 2.4236
77.9594, 2.3429
77.9794, 2.0341
77.9994, 2.7578
78.0194, 0.3995
78.0394, 0.9035
78.0594, 1.6961
78.0795, 0.5262
78.0995, 1.5597
78.1195, 1.5919
78.1395, 3.2714
78.1595, 2.1076
78.1795, 2.9920
78.1995, 2.2663
78.2195, 1.4313
78.2395, 2.0988
78.2595, 2.6928
78.2795, 3.1555
78.2995, 1.8335
78.3195, 0.3226
78.3395, 0.2525
78.3595, 1.6400
78.3795, 0.0000
78.3995, 3.7555
78.4195, 2.5607
78.4396, 1.3316
78.4596, 0.8589
78.4796, 2.9907
78.4996, 0.8549
78.5196, 0.9501
78.5396, 1.2017
78.5596, 2.0792
78.5796, 2.5845
78.5996, 3.1548
78.6196, 3.0075
78.6396, 1.9662
78.6596, 2.9831
78.6796, 1.2963
78.6996, 0.1497
78.7196, 1.2962
78.7396, 1.1615
78.7596, 1.3352
78.7797, 1.0088
78.7997, 1.5056
78.8197, 2.5837
78.8397, 3.6759
78.8597, 0.2450
78.8797, 0.6813
78.8997, 1.1762
78.9197, 2.7290
78.9397, 1.7611
78.9597, 1.2434
78.9797, 2.6802
78.9997, 2.9191
79.0197, 1.9467
79.0397, 1.1515
79.0597, 2.2350
79.0797, 1.7328
79.0997, 1.7251
79.1197, 1.4545
79.1398, 2.8878
79.1598, 2.2146
79.1798, 2.9982
79.1998, 3.2980
79.2198, 2.4231
79.2398, 1.4604
79.2598, 3.0028
79.2798, 2.4298
79.2998, 4.5615
79.3198, 2.2747
79.3398, 2.6612
79.3598, 2.2551
79.3798, 1.8666
79.3998, 1.7074
79.4198, 2.2589
79.4398, 2.4852
79.4598, 3.1166
79.4799, 2.2734
79.4999, 1.5039
79.5199, 1.6395
79.5399, 0.6462
79.5599, 3.6220
79.5799, 1.4258
79.5999, 2.9302
79.6199, 2.2412
79.6399, 2.2683
79.6599, 1.8483
79.6799, 1.1799
79.6999, 0.9996
79.7199, 3.6890
79.7399, 2.0791
79.7599, 3.0875
79.7799, 3.3465
79.7999, 1.5558
79.8199, 2.3878
79.8400, 2.0103
79.8600, 0.8115
79.8800, 1.7805
79.9000, 2.5513
79.9200, 1.4678
79.9400, 1.6415
79.9600, 1.7926
79.9800, 4.0710
80.0000, 0.1366
