##NAMES=Quartz Annealed Sample 07
##RRUFFID=SYN000007
##SOURCE=Synthetic — systematic FWHM broadening demo
##X-RAY WAVELENGTH=1.54056
##FWHM_NOMINAL=0.2000
##END=
10.0000, 1.7664
10.0200, 1.2113
10.0400, 2.4420
10.0600, 2.1511
10.0800, 2.3555
10.1000, 2.6674
10.1200, 1.7925
10.1400, 1.7941
10.1600, 3.4442
10.1801, 1.0196
10.2001, 0.0907
10.2201, 2.5180
10.2401, 1.3340
10.2601, 0.8864
10.2801, 2.8474
10.3001, 1.8182
10.3201, 0.7003
10.3401, 3.8963
10.3601, 0.3535
10.3801, 1.8763
10.4001, 0.0751
10.4201, 2.2333
10.4401, 1.3223
10.4601, 2.7815
10.4801, 1.9455
10.5001, 3.3124
10.5201, 1.5335
10.5402, 0.3596
10.5602, 2.2002
10.5802, 1.7105
10.6002, 0.1451
10.6202, 0.9083
10.6402, 1.2263
10.6602, 3.5170
10.6802, 2.6698
10.7002, 1.6154
10.7202, 2.4334
10.7402, 0.0000
10.7602, 1.3984
10.7802, 2.3636
10.8002, 2.1281
10.8202, 1.4240
10.8402, 1.9246
10.8602, 2.3007
10.8803, 1.9535
10.9003, 2.8232
10.9203, 2.2813
10.9403, 2.4737
10.9603, 3.6751
10.9803, 2.7897
11.0003, 3.7025
11.0203, 1.2915
11.0403, 0.3717
11.0603, 1.8227
11.0803, 1.7375
11.1003, 3.4211
11.1203, 0.8337
11.1403, 1.8841
11.1603, 2.3677
11.1803, 2.0629
11.2003, 1.7915
11.2203, 2.3212
11.2404, 3.0411
11.2604, 3.4974
11.2804, 1.9957
11.3004, 1.1477
11.3204, 3.4962
11.3404, 0.8861
11.3604, 3.7520
11.3804, 3.3060
11.4004, 3.4511
11.4204, 2.6477
11.4404, 0.0000
11.4604, 0.9246
11.4804, 2.2695
11.5004, 1.2878
11.5204, 1.6479
11.5404, 2.5752
11.5604, 1.7930
11.5805, 0.7448
11.6005, 2.8478
11.6205, 2.4774
11.6405, 1.7141
11.6605, 2.6736
11.6805, 2.0579
11.7005, 3.2932
11.7205, 2.1140
11.7405, 3.2858
11.7605, 0.0907
11.7805, 2.4217
11.8005, 1.5653
11.8205, 1.1045
11.8405, 3.1205
11.8605, 2.8513
11.8805, 0.0000
11.9005, 2.6778
11.9205, 2.5566
11.9406, 1.2404
11.9606, 1.1282
11.9806, 0.3736
12.0006, 1.6256
12.0206, 1.7855
12.0406, 2.7592
12.0606, 2.2321
12.0806, 0.9038
12.1006, 2.2016
12.1206, 1.7090
12.1406, 1.0288
12.1606, 0.3746
12.1806, 2.5872
12.2006, 2.4089
12.2206, 2.5192
12.2406, 1.2352
12.2606, 2.1338
12.2807, 0.5886
12.3007, 0.9771
12.3207, 1.9966
12.3407, 2.2250
12.3607, 0.3354
12.3807, 0.9062
12.4007, 1.5978
12.4207, 2.9206
12.4407, 1.1504
12.4607, 2.1034
12.4807, 2.2081
12.5007, 1.7134
12.5207, 2.2307
12.5407, 0.6190
12.5607, 1.3076
12.5807, 3.3961
12.6007, 3.4665
12.6207, 2.8051
12.6408, 3.0624
12.6608, 0.1384
12.6808, 1.0149
12.7008, 1.6520
12.7208, 4.3766
12.7408, 1.6501
12.7608, 2.7072
12.7808, 2.3410
12.8008, 2.3187
12.8208, 1.9394
12.8408, 0.7638
12.8608, 0.0000
12.8808, 3.2437
12.9008, 1.3469
12.9208, 0.0973
12.9408, 2.4005
12.9608, 2.3813
12.9809, 2.7302
13.0009, 3.0777
13.0209, 1.0446
13.0409, 1.0886
13.0609, 1.6444
13.0809, 2.7839
13.1009, 0.0000
13.1209, 2.0910
13.1409, 2.8943
13.1609, 2.8530
13.1809, 2.6709
13.2009, 3.0250
13.2209, 0.0000
13.2409, 3.5751
13.2609, 2.2930
13.2809, 3.2965
13.3009, 0.7892
13.3209, 0.2105
13.3410, 3.7478
13.3610, 1.0371
13.3810, 1.6523
13.4010, 2.4899
13.4210, 2.7352
13.4410, 3.0404
13.4610, 2.1861
13.4810, 0.9094
13.5010, 2.6690
13.5210, 2.6849
13.5410, 0.1493
13.5610, 3.3804
13.5810, 0.0000
13.6010, 2.9965
13.6210, 1.3293
13.6410, 2.6678
13.6610, 2.4727
13.6811, 1.9258
13.7011, 2.4136
13.7211, 1.8765
13.7411, 2.6763
13.7611, 4.1464
13.7811, 0.6227
13.8011, 0.0000
13.8211, 1.5475
13.8411, 1.4792
13.8611, 1.5856
13.8811, 1.0372
13.9011, 2.8346
13.9211, 0.5827
13.9411, 2.4133
13.9611, 2.6008
13.9811, 2.2791
14.0011, 2.4496
14.0211, 2.9114
14.0412, 2.0164
14.0612, 1.6167
14.0812, 2.4489
14.1012, 2.5628
14.1212, 2.8519
14.1412, 0.2519
14.1612, 1.7795
14.1812, 0.8984
14.2012, 2.5234
14.2212, 2.6890
14.2412, 1.6887
14.2612, 1.2342
14.2812, 2.5594
14.3012, 1.8298
14.3212, 3.3882
14.3412, 3.7344
14.3612, 2.9628
14.3813, 2.1954
14.4013, 3.7870
14.4213, 2.2034
14.4413, 1.4841
14.4613, 1.2881
14.4813, 1.2599
14.5013, 1.9565
14.5213, 2.4256
14.5413, 0.5489
14.5613, 1.5143
14.5813, 2.1756
14.6013, 2.6060
14.6213, 1.9370
14.6413, 2.2072
14.6613, 0.7254
14.6813, 1.0518
14.7013, 1.9021
14.7213, 2.4730
14.7414, 2.1940
14.7614, 1.1147
14.7814, 1.7265
14.8014, 3.4735
14.8214, 2.5067
14.8414, 1.8005
14.8614, 0.9379
14.8814, 1.2501
14.9014, 1.9695
14.9214, 2.2386
14.9414, 2.5280
14.9614, 2.3506
14.9814, 1.5929
15.0014, 1.4522
15.0214, 4.0082
15.0414, 1.4069
15.0614, 0.6722
15.0815, 0.3255
15.1015, 1.6100
15.1215, 2.9021
15.1415, 1.3874
15.1615, 3.4392
15.1815, 1.9556
15.2015, 3.0716
15.2215, 1.2058
15.2415, 1.2213
15.2615, 2.0539
15.2815, 2.4451
15.3015, 1.7841
15.3215, 2.2551
15.3415, 2.5509
15.3615, 0.5435
15.3815, 1.6222
15.4015, 1.4446
15.4215, 1.4931
15.4416, 2.3694
15.4616, 1.4585
15.4816, 0.0000
15.5016, 1.7266
15.5216, 0.8993
15.5416, 2.4588
15.5616, 2.7679
15.5816, 0.0000
15.6016, 1.1893
15.6216, 2.3160
15.6416, 0.5551
15.6616, 2.7449
15.6816, 3.0114
15.7016, 1.8010
15.7216, 1.1896
15.7416, 0.0000
15.7616, 2.7763
15.7817, 3.9638
15.8017, 3.7571
15.8217, 1.7681
15.8417, 0.8711
15.8617, 2.7998
15.8817, 1.8361
15.9017, 2.4406
15.9217, 2.2654
15.9417, 2.0558
15.9617, 2.9906
15.9817, 3.0277
16.0017, 1.4406
16.0217, 1.0405
16.0417, 0.0000
16.0617, 1.6170
16.0817, 0.8704
16.1017, 2.3818
16.1217, 1.6273
16.1418, 1.7356
16.1618, 2.7742
16.1818, 2.3598
16.2018, 1.8463
16.2218, 3.6480
16.2418, 2.7004
16.2618, 1.5474
16.2818, 1.5919
16.3018, 2.7506
16.3218, 2.1656
16.3418, 0.8426
16.3618, 2.8569
16.3818, 3.2191
16.4018, 3.1433
16.4218, 3.5044
16.4418, 4.0304
16.4618, 3.6915
16.4819, 2.3033
16.5019, 1.7546
16.5219, 0.1347
16.5419, 1.9737
16.5619, 2.4816
16.5819, 2.0064
16.6019, 0.0762
16.6219, 1.6765
16.6419, 2.6077
16.6619, 0.9378
16.6819, 2.1284
16.7019, 2.3942
16.7219, 3.0800
16.7419, 3.6741
16.7619, 1.5854
16.7819, 2.1465
16.8019, 2.1778
16.8219, 2.6117
16.8420, 2.4999
16.8620, 3.3868
16.8820, 0.0000
16.9020, 2.3806
16.9220, 2.4499
16.9420, 1.7278
16.9620, 0.0000
16.9820, 1.9019
17.0020, 1.2529
17.0220, 3.6395
17.0420, 2.3379
17.0620, 1.1680
17.0820, 0.0000
17.1020, 2.5530
17.1220, 2.6585
17.1420, 1.7473
17.1620, 2.5661
17.1821, 1.6149
17.2021, 3.0293
17.2221, 2.9548
17.2421, 0.3253
17.2621, 0.5688
17.2821, 3.9926
17.3021, 2.8943
17.3221, 0.7015
17.3421, 0.3938
17.3621, 2.1705
17.3821, 0.8215
17.4021, 1.6464
17.4221, 1.9156
17.4421, 1.8725
17.4621, 3.0885
17.4821, 3.7962
17.5021, 1.4844
17.5221, 0.8331
17.5422, 2.3514
17.5622, 3.5931
17.5822, 1.5600
17.6022, 2.8126
17.6222, 1.1264
17.6422, 1.9841
17.6622, 0.8019
17.6822, 1.9737
17.7022, 1.8465
17.7222, 2.5705
17.7422, 3.7395
17.7622, 1.5743
17.7822, 0.0000
17.8022, 1.7609
17.8222, 2.2620
17.8422, 2.1646
17.8622, 1.8056
17.8823, 3.4494
17.9023, 2.0990
17.9223, 1.8582
17.9423, 1.1858
17.9623, 0.2176
17.9823, 2.2919
18.0023, 2.2081
18.0223, 0.9044
18.0423, 1.9186
18.0623, 1.8192
18.0823, 1.3389
18.1023, 1.1702
18.1223, 2.3676
18.1423, 1.7373
18.1623, 1.3724
18.1823, 1.1019
18.2023, 1.8330
18.2223, 2.8866
18.2424, 2.1694
18.2624, 1.7260
18.2824, 2.2711
18.3024, 3.3262
18.3224, 2.4529
18.3424, 2.2229
18.3624, 2.6009
18.3824, 1.8050
18.4024, 2.1468
18.4224, 1.4743
18.4424, 0.4136
18.4624, 2.3055
18.4824, 2.3093
18.5024, 1.6754
18.5224, 2.9979
18.5424, 1.2419
18.5624, 0.1929
18.5825, 1.2663
18.6025, 0.4232
18.6225, 2.3007
18.6425, 1.2114
18.6625, 2.9468
18.6825, 2.9259
18.7025, 1.0387
18.7225, 1.1554
18.7425, 2.4969
18.7625, 2.9419
18.7825, 0.0000
18.8025, 2.2443
18.8225, 0.0000
18.8425, 1.4148
18.8625, 3.0557
18.8825, 4.9703
18.9025, 1.7243
18.9225, 0.7168
18.9426, 1.4498
18.9626, 2.0289
18.9826, 1.2932
19.0026, 1.0388
19.0226, 1.5364
19.0426, 2.3582
19.0626, 1.7936
19.0826, 1.0820
19.1026, 1.2934
19.1226, 1.5494
19.1426, 0.9643
19.1626, 1.2563
19.1826, 2.6060
19.2026, 1.7328
19.2226, 0.2108
19.2426, 2.9870
19.2626, 2.3793
19.2827, 0.5809
19.3027, 1.5978
19.3227, 1.1714
19.3427, 2.6393
19.3627, 1.5915
19.3827, 1.8902
19.4027, 1.7738
19.4227, 0.4839
19.4427, 3.3672
19.4627, 2.6247
19.4827, 1.2161
19.5027, 2.1546
19.5227, 2.9362
19.5427, 2.0186
19.5627, 3.5184
19.5827, 4.8784
19.6027, 1.8369
19.6227, 1.3808
19.6428, 0.9743
19.6628, 0.0000
19.6828, 3.2100
19.7028, 1.6097
19.7228, 2.8375
19.7428, 3.0385
19.7628, 0.8828
19.7828, 1.0328
19.8028, 3.7062
19.8228, 1.8929
19.8428, 1.3031
19.8628, 0.9185
19.8828, 1.8215
19.9028, 3.4696
19.9228, 2.6478
19.9428, 2.1445
19.9628, 3.5501
19.9829, 3.3576
20.0029, 2.2967
20.0229, 4.7368
20.0429, 1.7157
20.0629, 3.0600
20.0829, 1.5702
20.1029, 2.8650
20.1229, 1.7147
20.1429, 2.4239
20.1629, 4.3511
20.1829, 2.9140
20.2029, 2.4393
20.2229, 1.1888
20.2429, 2.1510
20.2629, 0.9557
20.2829, 2.8492
20.3029, 2.8241
20.3229, 1.7834
20.3430, 3.6251
20.3630, 3.4846
20.3830, 2.1124
20.4030, 2.5280
20.4230, 1.3749
20.4430, 1.6910
20.4630, 0.8860
20.4830, 1.4858
20.5030, 1.8610
20.5230, 0.3102
20.5430, 2.5550
20.5630, 3.0211
20.5830, 2.0368
20.6030, 0.0000
20.6230, 2.0505
20.6430, 1.2094
20.6630, 2.4878
20.6831, 5.3182
20.7031, 2.5563
20.7231, 5.6954
20.7431, 9.2592
20.7631, 9.9615
20.7831, 12.2567
20.8031, 17.3230
20.8231, 17.5223
20.8431, 19.2539
20.8631, 19.1306
20.8831, 18.2027
20.9031, 17.8934
20.9231, 16.5251
20.9431, 10.6156
20.9631, 9.9100
20.9831, 7.7524
21.0031, 5.5659
21.0231, 5.5798
21.0432, 3.8508
21.0632, 4.8415
21.0832, 3.5909
21.1032, 3.6034
21.1232, 0.9019
21.1432, 1.2218
21.1632, 1.2683
21.1832, 3.2969
21.2032, 1.0012
21.2232, 1.0275
21.2432, 0.8431
21.2632, 4.7139
21.2832, 1.8208
21.3032, 2.4924
21.3232, 0.8232
21.3432, 2.9214
21.3632, 0.1906
21.3833, 0.9847
21.4033, 1.2321
21.4233, 2.1816
21.4433, 1.1704
21.4633, 3.4857
21.4833, 2.4657
21.5033, 1.2738
21.5233, 2.9597
21.5433, 1.5699
21.5633, 1.3729
21.5833, 2.8580
21.6033, 0.0000
21.6233, 2.6971
21.6433, 1.2504
21.6633, 1.2488
21.6833, 3.9195
21.7033, 1.4321
21.7233, 2.9180
21.7434, 2.2419
21.7634, 2.3456
21.7834, 1.7125
21.8034, 1.6604
21.8234, 3.4897
21.8434, 2.8926
21.8634, 1.4636
21.8834, 0.9178
21.9034, 1.3789
21.9234, 2.9436
21.9434, 3.1406
21.9634, 2.5174
21.9834, 0.3474
22.0034, 2.7161
22.0234, 3.2654
22.0434, 2.1363
22.0634, 3.9411
22.0835, 0.6430
22.1035, 2.6472
22.1235, 0.9435
22.1435, 3.0206
22.1635, 2.5753
22.1835, 3.7628
22.2035, 2.4622
22.2235, 1.5592
22.2435, 1.4722
22.2635, 1.7129
22.2835, 1.4526
22.3035, 3.3089
22.3235, 3.2375
22.3435, 0.4675
22.3635, 2.0012
22.3835, 2.0253
22.4035, 1.1822
22.4235, 2.4008
22.4436, 3.4226
22.4636, 2.8540
22.4836, 3.3089
22.5036, 1.2450
22.5236, 1.9994
22.5436, 1.1978
22.5636, 2.2021
22.5836, 2.2921
22.6036, 2.9220
22.6236, 3.2753
22.6436, 2.6513
22.6636, 1.1034
22.6836, 0.6118
22.7036, 2.4825
22.7236, 3.4622
22.7436, 1.9381
22.7636, 0.4367
22.7837, 4.0460
22.8037, 2.4519
22.8237, 2.1339
22.8437, 0.7958
22.8637, 1.9791
22.8837, 2.6492
22.9037, 2.4655
22.9237, 1.2835
22.9437, 1.9059
22.9637, 1.3474
22.9837, 3.6257
23.0037, 2.8570
23.0237, 1.4390
23.0437, 0.7953
23.0637, 2.2405
23.0837, 1.4705
23.1037, 1.5449
23.1237, 0.8286
23.1438, 0.9523
23.1638, 2.1254
23.1838, 1.6962
23.2038, 4.4574
23.2238, 2.5567
23.2438, 0.8121
23.2638, 0.4285
23.2838, 2.3607
23.3038, 1.5663
23.3238, 3.2933
23.3438, 2.2445
23.3638, 0.0000
23.3838, 0.9443
23.4038, 1.2881
23.4238, 2.4046
23.4438, 0.9110
23.4638, 2.1156
23.4839, 0.6278
23.5039, 1.9691
23.5239, 2.3326
23.5439, 3.4232
23.5639, 2.2083
23.5839, 1.1468
23.6039, 3.4547
23.6239, 1.7799
23.6439, 2.7358
23.6639, 1.3505
23.6839, 2.0536
23.7039, 1.1623
23.7239, 2.2849
23.7439, 2.7661
23.7639, 1.4685
23.7839, 1.4123
23.8039, 2.3194
23.8239, 1.1385
23.8440, 0.4462
23.8640, 2.3158
23.8840, 1.8553
23.9040, 1.8341
23.9240, 2.4835
23.9440, 2.6231
23.9640, 1.8020
23.9840, 0.8411
24.0040, 1.3248
24.0240, 2.5474
24.0440, 2.0992
24.0640, 1.4136
24.0840, 1.1791
24.1040, 2.5802
24.1240, 1.7414
24.1440, 2.7150
24.1640, 2.8415
24.1841, 1.6503
24.2041, 2.9118
24.2241, 2.1012
24.2441, 2.2304
24.2641, 0.0000
24.2841, 0.9927
24.3041, 1.0469
24.3241, 1.6445
24.3441, 2.0771
24.3641, 2.1180
24.3841, 2.2484
24.4041, 1.2785
24.4241, 2.6537
24.4441, 3.7707
24.4641, 1.6098
24.4841, 1.2997
24.5041, 1.2781
24.5241, 2.0483
24.5442, 1.4375
24.5642, 0.2339
24.5842, 0.5073
24.6042, 2.9823
24.6242, 3.2437
24.6442, 3.5615
24.6642, 2.1890
24.6842, 0.9728
24.7042, 1.5252
24.7242, 0.4727
24.7442, 0.4342
24.7642, 2.2179
24.7842, 2.5015
24.8042, 3.9197
24.8242, 1.8799
24.8442, 0.6061
24.8642, 1.8411
24.8843, 1.6807
24.9043, 1.4720
24.9243, 2.3064
24.9443, 0.7494
24.9643, 2.0935
24.9843, 2.6139
25.0043, 3.3815
25.0243, 2.2730
25.0443, 3.0052
25.0643, 1.5193
25.0843, 1.6588
25.1043, 3.3097
25.1243, 0.5924
25.1443, 1.5601
25.1643, 3.0904
25.1843, 1.7519
25.2043, 1.6775
25.2243, 1.6978
25.2444, 2.0799
25.2644, 3.0481
25.2844, 2.8864
25.3044, 1.9743
25.3244, 3.0544
25.3444, 2.3044
25.3644, 2.8213
25.3844, 0.9353
25.4044, 3.7001
25.4244, 2.1829
25.4444, 0.0000
25.4644, 3.6211
25.4844, 1.9679
25.5044, 1.5677
25.5244, 1.3577
25.5444, 2.4020
25.5644, 1.0752
25.5845, 1.3864
25.6045, 1.4105
25.6245, 1.6709
25.6445, 1.4481
25.6645, 2.8150
25.6845, 2.2337
25.7045, 2.3556
25.7245, 2.5730
25.7445, 1.8699
25.7645, 0.9434
25.7845, 3.7666
25.8045, 2.8897
25.8245, 3.5744
25.8445, 2.9966
25.8645, 1.5029
25.8845, 0.0000
25.9045, 0.7348
25.9245, 2.5989
25.9446, 1.8612
25.9646, 1.5434
25.9846, 0.0000
26.0046, 1.9498
26.0246, 0.8820
26.0446, 1.2391
26.0646, 2.8123
26.0846, 0.9346
26.1046, 1.0299
26.1246, 2.1483
26.1446, 2.8346
26.1646, 1.5605
26.1846, 3.4290
26.2046, 0.6853
26.2246, 0.5103
26.2446, 0.4259
26.2646, 0.3153
26.2847, 2.3086
26.3047, 1.0111
26.3247, 0.6178
26.3447, 2.4957
26.3647, 3.1339
26.3847, 3.7591
26.4047, 4.3522
26.4247, 3.9546
26.4447, 7.5242
26.4647, 11.5441
26.4847, 16.2604
26.5047, 24.8510
26.5247, 33.7808
26.5447, 46.8616
26.5647, 61.6277
26.5847, 76.5254
26.6047, 88.2690
26.6247, 96.5249
26.6448, 100.0000
26.6648, 98.5609
26.6848, 90.7731
26.7048, 80.8460
26.7248, 67.7704
26.7448, 55.1902
26.7648, 42.2814
26.7848, 30.5541
26.8048, 21.7872
26.8248, 13.8385
26.8448, 8.0507
26.8648, 5.9191
26.8848, 3.3862
26.9048, 3.7093
26.9248, 2.1266
26.9448, 2.1016
26.9648, 2.7578
26.9849, 1.2637
27.0049, 2.9420
27.0249, 0.6221
27.0449, 2.2712
27.0649, 1.8727
27.0849, 2.7898
27.1049, 0.5897
27.1249, 0.4333
27.1449, 2.7123
27.1649, 1.5723
27.1849, 1.8722
27.2049, 1.3037
27.2249, 2.8750
27.2449, 2.2619
27.2649, 2.2034
27.2849, 0.7942
27.3049, 2.4640
27.3249, 0.9715
27.3450, 1.3049
27.3650, 0.5986
27.3850, 1.8065
27.4050, 3.0265
27.4250, 2.1894
27.4450, 1.5214
27.4650, 2.0719
27.4850, 2.0664
27.5050, 2.0289
27.5250, 2.1401
27.5450, 0.9237
27.5650, 2.0693
27.5850, 0.2090
27.6050, 2.5381
27.6250, 0.8610
27.6450, 3.1395
27.6650, 0.0000
27.6851, 3.6360
27.7051, 0.3250
27.7251, 0.7639
27.7451, 2.2617
27.7651, 2.5811
27.7851, 1.6797
27.8051, 2.8548
27.8251, 1.1670
27.8451, 1.5635
27.8651, 1.6611
27.8851, 1.4249
27.9051, 0.0302
27.9251, 1.9382
27.9451, 1.8480
27.9651, 3.0402
27.9851, 0.6780
28.0051, 1.3240
28.0252, 3.1654
28.0452, 2.2559
28.0652, 2.5118
28.0852, 2.4160
28.1052, 2.4204
28.1252, 3.7825
28.1452, 2.0544
28.1652, 0.9524
28.1852, 2.6012
28.2052, 1.3968
28.2252, 1.8530
28.2452, 2.3328
28.2652, 1.1422
28.2852, 1.4530
28.3052, 2.4384
28.3252, 1.4147
28.3452, 2.9355
28.3652, 0.9775
28.3853, 0.9742
28.4053, 3.8674
28.4253, 0.4339
28.4453, 1.9362
28.4653, 3.8129
28.4853, 1.9343
28.5053, 3.3086
28.5253, 2.6148
28.5453, 1.9557
28.5653, 1.8323
28.5853, 0.0000
28.6053, 1.6440
28.6253, 2.1949
28.6453, 2.1944
28.6653, 4.4268
28.6853, 2.2436
28.7053, 2.5925
28.7254, 3.1269
28.7454, 2.5030
28.7654, 1.8769
28.7854, 1.8818
28.8054, 1.6125
28.8254, 2.4067
28.8454, 1.7927
28.8654, 2.5873
28.8854, 0.9546
28.9054, 2.1096
28.9254, 3.5137
28.9454, 1.7384
28.9654, 3.8044
28.9854, 2.1264
29.0054, 1.9064
29.0254, 2.0794
29.0454, 1.6517
29.0654, 0.0000
29.0855, 2.8424
29.1055, 4.1539
29.1255, 2.4429
29.1455, 2.5038
29.1655, 1.7804
29.1855, 3.1198
29.2055, 1.9236
29.2255, 2.2299
29.2455, 0.3989
29.2655, 1.4340
29.2855, 2.3299
29.3055, 2.8694
29.3255, 2.8971
29.3455, 0.3850
29.3655, 0.4863
29.3855, 2.5466
29.4055, 1.2167
29.4256, 2.8568
29.4456, 0.3340
29.4656, 1.8646
29.4856, 1.9287
29.5056, 2.4430
29.5256, 0.9325
29.5456, 0.0000
29.5656, 2.1340
29.5856, 2.4889
29.6056, 2.9695
29.6256, 1.6046
29.6456, 2.7380
29.6656, 2.4483
29.6856, 3.2842
29.7056, 1.9075
29.7256, 0.2344
29.7456, 1.8953
29.7656, 2.0513
29.7857, 2.4807
29.8057, 0.4314
29.8257, 1.6511
29.8457, 2.8303
29.8657, 1.8589
29.8857, 1.6574
29.9057, 3.8677
29.9257, 0.8937
29.9457, 3.1951
29.9657, 2.9833
29.9857, 1.7379
30.0057, 1.9300
30.0257, 1.9265
30.0457, 2.1447
30.0657, 1.3688
30.0857, 1.5351
30.1057, 1.6079
30.1258, 1.6398
30.1458, 1.6524
30.1658, 0.0000
30.1858, 2.0605
30.2058, 1.4358
30.2258, 0.0976
30.2458, 1.6131
30.2658, 1.5822
30.2858, 3.2371
30.3058, 1.4241
30.3258, 2.6301
30.3458, 3.3446
30.3658, 1.3353
30.3858, 1.9154
30.4058, 3.6902
30.4258, 2.1917
30.4458, 2.3363
30.4658, 1.5560
30.4859, 2.6494
30.5059, 1.9233
30.5259, 0.1322
30.5459, 1.6079
30.5659, 0.7807
30.5859, 2.0750
30.6059, 1.0468
30.6259, 2.4406
30.6459, 2.0076
30.6659, 0.7159
30.6859, 1.4707
30.7059, 2.5830
30.7259, 3.1100
30.7459, 1.0612
30.7659, 0.8663
30.7859, 3.9123
30.8059, 1.9531
30.8260, 2.0543
30.8460, 1.2241
30.8660, 2.1779
30.8860, 3.6766
30.9060, 2.2171
30.9260, 3.0270
30.9460, 1.9918
30.9660, 0.9379
30.9860, 1.2802
31.0060, 0.8460
31.0260, 2.1805
31.0460, 3.1858
31.0660, 2.1238
31.0860, 1.6554
31.1060, 1.1739
31.1260, 2.3181
31.1460, 0.7257
31.1660, 0.8297
31.1861, 2.8623
31.2061, 1.6854
31.2261, 1.6657
31.2461, 1.7940
31.2661, 2.6882
31.2861, 2.1283
31.3061, 1.2204
31.3261, 1.2564
31.3461, 1.7679
31.3661, 2.2649
31.3861, 1.9274
31.4061, 1.8385
31.4261, 2.0091
31.4461, 1.9267
31.4661, 1.1831
31.4861, 3.0691
31.5061, 1.4810
31.5262, 2.0920
31.5462, 0.0000
31.5662, 1.7479
31.5862, 0.8642
31.6062, 0.9846
31.6262, 4.3831
31.6462, 2.2122
31.6662, 3.1879
31.6862, 2.8175
31.7062, 2.9453
31.7262, 1.7640
31.7462, 3.5680
31.7662, 2.8089
31.7862, 2.0042
31.8062, 2.2260
31.8262, 1.8263
31.8462, 2.0151
31.8662, 1.9193
31.8863, 2.3441
31.9063, 3.7015
31.9263, 0.7586
31.9463, 3.1043
31.9663, 1.5949
31.9863, 3.2315
32.0063, 1.6297
32.0263, 2.3753
32.0463, 1.8042
32.0663, 0.2337
32.0863, 3.7005
32.1063, 1.0209
32.1263, 2.0467
32.1463, 0.9113
32.1663, 0.6270
32.1863, 1.7581
32.2063, 1.3698
32.2264, 0.7950
32.2464, 1.9275
32.2664, 0.4822
32.2864, 2.0883
32.3064, 1.8357
32.3264, 0.0000
32.3464, 1.4402
32.3664, 2.4309
32.3864, 0.9002
32.4064, 2.4743
32.4264, 2.3952
32.4464, 0.9460
32.4664, 1.9506
32.4864, 2.7872
32.5064, 1.0872
32.5264, 1.7572
32.5464, 3.1122
32.5664, 1.1059
32.5865, 2.4217
32.6065, 0.8846
32.6265, 1.8021
32.6465, 2.4093
32.6665, 0.0000
32.6865, 1.4290
32.7065, 2.3919
32.7265, 2.1886
32.7465, 1.4409
32.7665, 0.8592
32.7865, 2.5909
32.8065, 1.6407
32.8265, 2.5078
32.8465, 2.3428
32.8665, 1.5158
32.8865, 3.0346
32.9065, 1.3691
32.9266, 3.1524
32.9466, 3.2831
32.9666, 3.0122
32.9866, 1.7825
33.0066, 4.5079
33.0266, 2.1146
33.0466, 2.2038
33.0666, 1.9408
33.0866, 0.8340
33.1066, 3.2569
33.1266, 1.3909
33.1466, 2.8818
33.1666, 3.1215
33.1866, 2.5657
33.2066, 1.2715
33.2266, 1.6221
33.2466, 0.0000
33.2666, 1.8465
33.2867, 2.7650
33.3067, 1.7256
33.3267, 1.3733
33.3467, 1.6654
33.3667, 3.1773
33.3867, 1.9086
33.4067, 3.8193
33.4267, 1.3926
33.4467, 2.1799
33.4667, 1.5298
33.4867, 4.0357
33.5067, 2.1425
33.5267, 4.0893
33.5467, 1.5431
33.5667, 3.4893
33.5867, 2.0808
33.6067, 2.7989
33.6268, 0.7441
33.6468, 2.3110
33.6668, 0.8946
33.6868, 2.2198
33.7068, 0.4457
33.7268, 1.8689
33.7468, 3.0576
33.7668, 2.5100
33.7868, 0.7299
33.8068, 0.0660
33.8268, 2.4594
33.8468, 3.5428
33.8668, 0.9997
33.8868, 4.0586
33.9068, 1.9564
33.9268, 0.0058
33.9468, 0.4033
33.9668, 2.7322
33.9869, 2.0924
34.0069, 3.4439
34.0269, 0.7657
34.0469, 2.0813
34.0669, 1.9696
34.0869, 1.8200
34.1069, 1.5806
34.1269, 1.6005
34.1469, 2.1374
34.1669, 2.2652
34.1869, 2.2153
34.2069, 3.1679
34.2269, 0.7626
34.2469, 0.1526
34.2669, 2.9790
34.2869, 1.0201
34.3069, 1.5837
34.3270, 1.3513
34.3470, 1.3299
34.3670, 0.5058
34.3870, 1.3938
34.4070, 2.6117
34.4270, 1.9590
34.4470, 2.4670
34.4670, 1.4672
34.4870, 2.8650
34.5070, 1.4549
34.5270, 0.0000
34.5470, 2.2793
34.5670, 2.7297
34.5870, 1.4041
34.6070, 3.1611
34.6270, 1.1129
34.6470, 2.6331
34.6670, 3.7063
34.6871, 1.9996
34.7071, 1.7366
34.7271, 1.8573
34.7471, 3.5899
34.7671, 2.3653
34.7871, 4.1054
34.8071, 2.2419
34.8271, 1.3096
34.8471, 1.3798
34.8671, 2.0244
34.8871, 0.0000
34.9071, 1.4883
34.9271, 1.5105
34.9471, 2.2025
34.9671, 3.9032
34.9871, 2.0177
35.0071, 0.0418
35.0272, 1.0497
35.0472, 2.2250
35.0672, 2.0558
35.0872, 3.5860
35.1072, 2.9222
35.1272, 2.8923
35.1472, 1.7459
35.1672, 3.0611
35.1872, 1.0677
35.2072, 2.9304
35.2272, 1.6807
35.2472, 0.5160
35.2672, 2.5557
35.2872, 3.3593
35.3072, 1.5566
35.3272, 3.5244
35.3472, 0.3083
35.3672, 0.7670
35.3873, 1.8163
35.4073, 1.5924
35.4273, 1.2963
35.4473, 2.0965
35.4673, 1.4347
35.4873, 1.6042
35.5073, 2.2411
35.5273, 1.2959
35.5473, 1.8570
35.5673, 1.3179
35.5873, 0.7582
35.6073, 2.7260
35.6273, 3.6693
35.6473, 3.0266
35.6673, 2.2943
35.6873, 1.3219
35.7073, 1.6762
35.7274, 3.0191
35.7474, 0.0000
35.7674, 1.5999
35.7874, 2.6964
35.8074, 0.8255
35.8274, 2.3859
35.8474, 2.3396
35.8674, 0.5097
35.8874, 2.0498
35.9074, 1.3459
35.9274, 2.3787
35.9474, 2.6321
35.9674, 2.3615
35.9874, 2.0354
36.0074, 2.2515
36.0274, 0.7878
36.0474, 1.9322
36.0674, 1.1670
36.0875, 2.9936
36.1075, 2.6456
36.1275, 2.6428
36.1475, 3.6752
36.1675, 1.6337
36.1875, 1.4157
36.2075, 1.6133
36.2275, 0.3709
36.2475, 0.4614
36.2675, 2.6292
36.2875, 0.6635
36.3075, 1.0742
36.3275, 2.2047
36.3475, 2.1533
36.3675, 3.8468
36.3875, 3.5909
36.4075, 3.4922
36.4276, 6.2020
36.4476, 7.0333
36.4676, 6.0106
36.4876, 8.7043
36.5076, 8.5481
36.5276, 8.9901
36.5476, 11.6512
36.5676, 9.5351
36.5876, 8.4561
36.6076, 7.7676
36.6276, 7.4487
36.6476, 4.7803
36.6676, 3.9716
36.6876, 4.3526
36.7076, 1.5673
36.7276, 3.6370
36.7476, 0.7544
36.7676, 1.9336
36.7877, 0.4772
36.8077, 0.9622
36.8277, 3.2849
36.8477, 3.0176
36.8677, 3.1179
36.8877, 0.5169
36.9077, 0.9133
36.9277, 2.3027
36.9477, 2.6777
36.9677, 1.1640
36.9877, 1.3844
37.0077, 0.8324
37.0277, 3.6198
37.0477, 1.4883
37.0677, 1.9942
37.0877, 2.0465
37.1077, 3.0676
37.1278, 1.0112
37.1478, 3.1302
37.1678, 0.6852
37.1878, 3.1277
37.2078, 0.2490
37.2278, 1.8584
37.2478, 3.5870
37.2678, 2.6596
37.2878, 2.3838
37.3078, 0.9153
37.3278, 1.2287
37.3478, 3.3062
37.3678, 2.4349
37.3878, 2.8524
37.4078, 2.0366
37.4278, 1.6814
37.4478, 2.7289
37.4678, 2.2220
37.4879, 1.7931
37.5079, 0.5500
37.5279, 2.9160
37.5479, 2.4026
37.5679, 1.3571
37.5879, 3.1412
37.6079, 2.2065
37.6279, 2.2261
37.6479, 2.8461
37.6679, 2.6311
37.6879, 2.2563
37.7079, 1.7745
37.7279, 3.9450
37.7479, 1.2297
37.7679, 2.7083
37.7879, 1.8791
37.8079, 2.4172
37.8280, 3.1953
37.8480, 1.6516
37.8680, 2.5642
37.8880, 2.2282
37.9080, 1.3221
37.9280, 3.2200
37.9480, 2.6735
37.9680, 1.5287
37.9880, 3.0656
38.0080, 1.1321
38.0280, 1.9340
38.0480, 1.5340
38.0680, 2.7136
38.0880, 1.4836
38.1080, 2.7208
38.1280, 2.5569
38.1480, 1.5879
38.1680, 3.7911
38.1881, 1.2182
38.2081, 0.5550
38.2281, 2.8183
38.2481, 0.0000
38.2681, 3.4535
38.2881, 2.0646
38.3081, 0.5370
38.3281, 1.0152
38.3481, 0.3301
38.3681, 2.3455
38.3881, 0.6370
38.4081, 2.4646
38.4281, 1.6583
38.4481, 1.4879
38.4681, 2.4718
38.4881, 2.5859
38.5081, 3.1078
38.5282, 1.3296
38.5482, 1.9331
38.5682, 1.3281
38.5882, 2.1257
38.6082, 1.1852
38.6282, 1.5391
38.6482, 1.5442
38.6682, 2.2560
38.6882, 1.9658
38.7082, 2.4688
38.7282, 1.8560
38.7482, 1.3836
38.7682, 2.1540
38.7882, 1.0464
38.8082, 2.5316
38.8282, 1.6777
38.8482, 2.1672
38.8682, 2.1827
38.8883, 3.5632
38.9083, 2.3442
38.9283, 2.0360
38.9483, 1.2711
38.9683, 2.7646
38.9883, 1.6929
39.0083, 0.4386
39.0283, 1.7680
39.0483, 2.1543
39.0683, 1.1451
39.0883, 1.8451
39.1083, 1.8923
39.1283, 1.9091
39.1483, 3.2018
39.1683, 0.6649
39.1883, 4.0232
39.2083, 1.9898
39.2284, 2.6626
39.2484, 2.3187
39.2684, 0.6485
39.2884, 1.6052
39.3084, 2.5626
39.3284, 4.6667
39.3484, 3.0443
39.3684, 4.4666
39.3884, 6.4578
39.4084, 7.7167
39.4284, 8.4991
39.4484, 7.6314
39.4684, 7.2351
39.4884, 9.2119
39.5084, 9.5965
39.5284, 7.0400
39.5484, 5.3038
39.5684, 5.0426
39.5885, 4.9543
39.6085, 3.5491
39.6285, 4.5741
39.6485, 3.6425
39.6685, 2.5949
39.6885, 0.2613
39.7085, 1.4045
39.7285, 1.4822
39.7485, 1.2486
39.7685, 2.1678
39.7885, 2.1802
39.8085, 0.2926
39.8285, 2.7678
39.8485, 1.9793
39.8685, 2.3204
39.8885, 2.7072
39.9085, 1.1968
39.9286, 3.2215
39.9486, 1.8230
39.9686, 3.4788
39.9886, 1.0805
40.0086, 3.4243
40.0286, 1.1112
40.0486, 4.6133
40.0686, 1.2088
40.0886, 3.3726
40.1086, 2.2026
40.1286, 3.6455
40.1486, 3.3956
40.1686, 2.9934
40.1886, 2.0567
40.2086, 8.1899
40.2286, 6.5718
40.2486, 4.2520
40.2686, 7.9707
40.2887, 8.5398
40.3087, 6.9966
40.3287, 6.5641
40.3487, 6.5818
40.3687, 6.9988
40.3887, 5.0610
40.4087, 5.6430
40.4287, 4.6455
40.4487, 2.7620
40.4687, 1.0373
40.4887, 2.1178
40.5087, 2.7027
40.5287, 2.1361
40.5487, 2.6537
40.5687, 2.8526
40.5887, 2.5054
40.6087, 1.6929
40.6288, 2.4844
40.6488, 4.1974
40.6688, 0.4745
40.6888, 2.4499
40.7088, 3.7935
40.7288, 0.7892
40.7488, 2.9632
40.7688, 3.0967
40.7888, 0.4872
40.8088, 2.6747
40.8288, 1.6918
40.8488, 1.9025
40.8688, 1.6382
40.8888, 3.2745
40.9088, 1.8509
40.9288, 1.4999
40.9488, 1.5169
40.9688, 1.6222
40.9889, 0.8842
41.0089, 1.4911
41.0289, 2.0805
41.0489, 2.3669
41.0689, 3.1660
41.0889, 2.2037
41.1089, 1.4888
41.1289, 0.9527
41.1489, 2.2571
41.1689, 1.8456
41.1889, 1.8786
41.2089, 2.2252
41.2289, 2.4819
41.2489, 2.2324
41.2689, 1.7925
41.2889, 1.1621
41.3089, 1.3506
41.3290, 2.8105
41.3490, 1.5396
41.3690, 0.6179
41.3890, 3.1215
41.4090, 1.0213
41.4290, 1.9981
41.4490, 2.4537
41.4690, 1.9661
41.4890, 0.0000
41.5090, 2.3531
41.5290, 3.2883
41.5490, 2.7488
41.5690, 0.0000
41.5890, 4.0884
41.6090, 0.6381
41.6290, 0.8853
41.6490, 2.7441
41.6690, 2.4154
41.6891, 2.0432
41.7091, 1.3939
41.7291, 3.2927
41.7491, 1.9236
41.7691, 0.3983
41.7891, 3.1942
41.8091, 2.1820
41.8291, 3.0770
41.8491, 2.5350
41.8691, 4.3526
41.8891, 1.6532
41.9091, 1.9790
41.9291, 2.6821
41.9491, 1.6593
41.9691, 2.7649
41.9891, 0.0000
42.0091, 1.8902
42.0292, 1.8600
42.0492, 1.8239
42.0692, 1.0870
42.0892, 2.8692
42.1092, 1.4613
42.1292, 2.1693
42.1492, 1.9406
42.1692, 2.4961
42.1892, 3.4631
42.2092, 2.2989
42.2292, 3.0712
42.2492, 2.5878
42.2692, 2.2723
42.2892, 3.1302
42.3092, 3.6677
42.3292, 5.3879
42.3492, 5.9541
42.3692, 6.1657
42.3893, 7.8207
42.4093, 7.4365
42.4293, 9.3995
42.4493, 9.8155
42.4693, 11.4218
42.4893, 10.3654
42.5093, 7.0834
42.5293, 7.2424
42.5493, 6.1460
42.5693, 4.6600
42.5893, 3.8415
42.6093, 2.9610
42.6293, 4.6793
42.6493, 2.0470
42.6693, 2.5833
42.6893, 0.0000
42.7093, 2.8600
42.7294, 3.1813
42.7494, 0.9274
42.7694, 1.4581
42.7894, 2.4167
42.8094, 1.9833
42.8294, 2.4293
42.8494, 1.6760
42.8694, 3.8247
42.8894, 1.2937
42.9094, 4.6523
42.9294, 3.2038
42.9494, 2.7943
42.9694, 0.9232
42.9894, 2.8718
43.0094, 2.5663
43.0294, 0.0000
43.0494, 0.5594
43.0694, 2.3202
43.0895, 1.8297
43.1095, 1.4468
43.1295, 3.0410
43.1495, 1.0798
43.1695, 1.5080
43.1895, 1.3164
43.2095, 2.4727
43.2295, 0.2448
43.2495, 1.4656
43.2695, 0.2415
43.2895, 1.6503
43.3095, 2.6854
43.3295, 2.7032
43.3495, 1.2359
43.3695, 2.4958
43.3895, 1.7779
43.4095, 3.3229
43.4296, 1.8330
43.4496, 0.0000
43.4696, 2.8569
43.4896, 1.5042
43.5096, 1.6889
43.5296, 2.2985
43.5496, 0.5393
43.5696, 2.0375
43.5896, 2.4970
43.6096, 2.3267
43.6296, 1.3644
43.6496, 2.9540
43.6696, 0.9662
43.6896, 1.3379
43.7096, 1.8270
43.7296, 2.2581
43.7496, 1.6386
43.7696, 3.1905
43.7897, 2.2579
43.8097, 2.0385
43.8297, 2.2228
43.8497, 2.6952
43.8697, 2.2035
43.8897, 0.1548
43.9097, 3.0515
43.9297, 2.0825
43.9497, 2.6472
43.9697, 1.5573
43.9897, 0.1376
44.0097, 0.0000
44.0297, 1.0193
44.0497, 2.4798
44.0697, 3.2597
44.0897, 2.2646
44.1097, 0.9115
44.1298, 1.1794
44.1498, 3.3226
44.1698, 0.6532
44.1898, 4.0630
44.2098, 3.8374
44.2298, 4.0959
44.2498, 2.3433
44.2698, 1.6216
44.2898, 2.3190
44.3098, 2.8707
44.3298, 1.3126
44.3498, 0.8626
44.3698, 1.6792
44.3898, 1.1912
44.4098, 3.2028
44.4298, 1.3469
44.4498, 2.0585
44.4698, 2.9451
44.4899, 3.2417
44.5099, 2.1713
44.5299, 2.3469
44.5499, 0.9467
44.5699, 2.9851
44.5899, 3.2254
44.6099, 0.0940
44.6299, 3.7244
44.6499, 1.2628
44.6699, 2.5570
44.6899, 2.0404
44.7099, 1.9026
44.7299, 1.7565
44.7499, 0.9711
44.7699, 2.4863
44.7899, 1.6771
44.8099, 0.6545
44.8300, 0.9287
44.8500, 0.6715
44.8700, 1.4387
44.8900, 2.4476
44.9100, 1.2523
44.9300, 2.9376
44.9500, 1.8438
44.9700, 1.6737
44.9900, 1.9796
45.0100, 3.3569
45.0300, 0.5926
45.0500, 3.6179
45.0700, 2.9223
45.0900, 1.9412
45.1100, 3.1450
45.1300, 1.6407
45.1500, 2.2483
45.1700, 1.4219
45.1901, 2.9286
45.2101, 1.2562
45.2301, 1.9116
45.2501, 2.6415
45.2701, 3.0102
45.2901, 1.1424
45.3101, 2.7154
45.3301, 0.9817
45.3501, 0.0000
45.3701, 1.2154
45.3901, 2.7969
45.4101, 1.9509
45.4301, 1.4288
45.4501, 2.0196
45.4701, 1.9885
45.4901, 2.5920
45.5101, 0.3697
45.5302, 1.8970
45.5502, 2.1599
45.5702, 0.7364
45.5902, 0.8314
45.6102, 2.0158
45.6302, 2.6398
45.6502, 2.9876
45.6702, 2.8585
45.6902, 3.3343
45.7102, 4.0929
45.7302, 5.3253
45.7502, 6.7244
45.7702, 3.5650
45.7902, 6.5112
45.8102, 5.6678
45.8302, 5.9972
45.8502, 6.2001
45.8702, 3.7207
45.8903, 4.8624
45.9103, 2.1505
45.9303, 3.0942
45.9503, 2.3823
45.9703, 2.4218
45.9903, 1.2181
46.0103, 2.5353
46.0303, 3.6197
46.0503, 1.0276
46.0703, 2.1693
46.0903, 2.8256
46.1103, 1.6696
46.1303, 3.3235
46.1503, 1.5340
46.1703, 1.8469
46.1903, 0.9706
46.2103, 2.0894
46.2304, 1.9659
46.2504, 2.5983
46.2704, 1.3272
46.2904, 1.2814
46.3104, 2.4250
46.3304, 3.3590
46.3504, 2.5914
46.3704, 3.8088
46.3904, 2.5178
46.4104, 2.4818
46.4304, 2.6416
46.4504, 3.4499
46.4704, 3.1995
46.4904, 0.8789
46.5104, 2.7628
46.5304, 2.2280
46.5504, 1.7690
46.5704, 0.1914
46.5905, 0.4240
46.6105, 1.5987
46.6305, 0.4995
46.6505, 1.6194
46.6705, 2.6767
46.6905, 1.3824
46.7105, 2.0463
46.7305, 0.8938
46.7505, 2.2614
46.7705, 2.4706
46.7905, 0.5411
46.8105, 1.2116
46.8305, 0.6967
46.8505, 2.4717
46.8705, 2.1268
46.8905, 1.9132
46.9105, 1.8347
46.9306, 2.2855
46.9506, 2.3055
46.9706, 1.4677
46.9906, 1.3278
47.0106, 1.9039
47.0306, 1.7733
47.0506, 4.0219
47.0706, 1.5793
47.0906, 2.2523
47.1106, 2.4284
47.1306, 3.3623
47.1506, 1.1523
47.1706, 3.3015
47.1906, 1.8156
47.2106, 4.4622
47.2306, 2.3252
47.2506, 0.7349
47.2706, 1.7659
47.2907, 3.2981
47.3107, 2.0444
47.3307, 1.9033
47.3507, 2.6813
47.3707, 1.6182
47.3907, 1.7523
47.4107, 1.0190
47.4307, 3.6903
47.4507, 0.7413
47.4707, 2.1322
47.4907, 2.4424
47.5107, 1.9492
47.5307, 0.7100
47.5507, 0.9649
47.5707, 2.4850
47.5907, 1.1836
47.6107, 0.0000
47.6308, 2.3496
47.6508, 1.0911
47.6708, 2.5936
47.6908, 1.7614
47.7108, 1.7133
47.7308, 2.0151
47.7508, 0.8253
47.7708, 1.1381
47.7908, 1.7032
47.8108, 0.8195
47.8308, 2.6761
47.8508, 1.6558
47.8708, 0.5146
47.8908, 1.4043
47.9108, 2.0640
47.9308, 1.5172
47.9508, 2.3624
47.9708, 2.5365
47.9909, 4.3627
48.0109, 3.1126
48.0309, 0.3278
48.0509, 1.6029
48.0709, 1.6965
48.0909, 2.5375
48.1109, 1.0300
48.1309, 1.4321
48.1509, 0.7195
48.1709, 1.3611
48.1909, 1.3984
48.2109, 1.6501
48.2309, 0.7773
48.2509, 2.9441
48.2709, 2.4347
48.2909, 0.5152
48.3109, 1.9888
48.3310, 0.3989
48.3510, 3.3041
48.3710, 3.5757
48.3910, 1.9072
48.4110, 1.1109
48.4310, 1.2991
48.4510, 1.5095
48.4710, 1.8561
48.4910, 3.3323
48.5110, 2.9177
48.5310, 2.9331
48.5510, 2.1333
48.5710, 0.8102
48.5910, 1.1934
48.6110, 2.0236
48.6310, 0.7627
48.6510, 2.2666
48.6710, 2.7674
48.6911, 2.5078
48.7111, 2.4677
48.7311, 0.0981
48.7511, 3.2952
48.7711, 0.3968
48.7911, 1.8103
48.8111, 2.5809
48.8311, 2.3212
48.8511, 0.6861
48.8711, 0.8654
48.8911, 2.2497
48.9111, 2.4733
48.9311, 0.8566
48.9511, 2.3552
48.9711, 0.4488
48.9911, 2.5868
49.0111, 1.0797
49.0312, 2.0433
49.0512, 1.8756
49.0712, 3.1226
49.0912, 2.2048
49.1112, 1.3643
49.1312, 2.3222
49.1512, 4.1036
49.1712, 2.7024
49.1912, 1.9038
49.2112, 1.1299
49.2312, 1.3469
49.2512, 2.6423
49.2712, 1.0778
49.2912, 1.9656
49.3112, 3.3994
49.3312, 2.1132
49.3512, 0.8846
49.3712, 4.1390
49.3913, 3.7239
49.4113, 2.4637
49.4313, 3.2376
49.4513, 1.6961
49.4713, 2.6868
49.4913, 1.5397
49.5113, 0.6086
49.5313, 4.5527
49.5513, 0.5575
49.5713, 2.2602
49.5913, 2.2485
49.6113, 2.4785
49.6313, 1.8733
49.6513, 1.8837
49.6713, 2.1012
49.6913, 2.4424
49.7113, 1.9611
49.7314, 1.8947
49.7514, 0.6432
49.7714, 3.9760
49.7914, 2.5010
49.8114, 2.1788
49.8314, 1.3562
49.8514, 0.9997
49.8714, 2.9081
49.8914, 1.9791
49.9114, 2.9245
49.9314, 1.2370
49.9514, 4.5930
49.9714, 4.6432
49.9914, 4.6445
50.0114, 6.4873
50.0314, 8.3400
50.0514, 8.0356
50.0714, 12.8513
50.0915, 13.2817
50.1115, 13.3178
50.1315, 13.5617
50.1515, 15.5921
50.1715, 14.0858
50.1915, 13.0626
50.2115, 10.9425
50.2315, 8.1028
50.2515, 7.8608
50.2715, 5.6134
50.2915, 4.5401
50.3115, 5.9985
50.3315, 3.8350
50.3515, 3.4629
50.3715, 4.9917
50.3915, 2.5061
50.4115, 2.1594
50.4316, 1.3195
50.4516, 1.5260
50.4716, 0.0000
50.4916, 2.7551
50.5116, 0.6979
50.5316, 2.8652
50.5516, 1.9200
50.5716, 2.0909
50.5916, 1.9206
50.6116, 3.3479
50.6316, 3.1714
50.6516, 1.9340
50.6716, 1.0646
50.6916, 2.8860
50.7116, 0.9891
50.7316, 0.4093
50.7516, 2.4608
50.7716, 3.1804
50.7917, 1.5581
50.8117, 2.3671
50.8317, 1.5475
50.8517, 2.6843
50.8717, 3.0570
50.8917, 1.7002
50.9117, 0.9361
50.9317, 0.5070
50.9517, 2.8878
50.9717, 0.8272
50.9917, 2.3346
51.0117, 2.7397
51.0317, 1.4620
51.0517, 1.7968
51.0717, 2.9611
51.0917, 1.1553
51.1117, 1.0539
51.1318, 1.7287
51.1518, 3.2398
51.1718, 3.5723
51.1918, 1.8642
51.2118, 1.2513
51.2318, 3.0262
51.2518, 0.2949
51.2718, 2.2103
51.2918, 1.9190
51.3118, 3.2557
51.3318, 3.3568
51.3518, 1.0211
51.3718, 2.1304
51.3918, 1.3927
51.4118, 1.6698
51.4318, 2.5798
51.4518, 1.6283
51.4718, 2.1567
51.4919, 2.9194
51.5119, 3.4768
51.5319, 2.2513
51.5519, 2.0806
51.5719, 0.8565
51.5919, 3.5474
51.6119, 2.4582
51.6319, 2.0990
51.6519, 2.0479
51.6719, 2.3233
51.6919, 2.7341
51.7119, 2.8577
51.7319, 3.5724
51.7519, 2.2054
51.7719, 3.7157
51.7919, 3.0198
51.8119, 1.9028
51.8320, 0.2968
51.8520, 2.0484
51.8720, 3.5201
51.8920, 1.1882
51.9120, 2.0453
51.9320, 2.1280
51.9520, 2.9043
51.9720, 1.5754
51.9920, 1.0942
52.0120, 2.5324
52.0320, 1.2201
52.0520, 0.1288
52.0720, 3.8018
52.0920, 2.8892
52.1120, 3.8448
52.1320, 2.8362
52.1520, 2.6427
52.1720, 2.3321
52.1921, 1.7770
52.2121, 2.4746
52.2321, 1.4101
52.2521, 0.8945
52.2721, 1.6309
52.2921, 3.2534
52.3121, 0.7315
52.3321, 0.7473
52.3521, 2.5537
52.3721, 1.5481
52.3921, 2.4480
52.4121, 2.9520
52.4321, 2.4241
52.4521, 1.3311
52.4721, 3.2448
52.4921, 2.7044
52.5121, 1.9897
52.5322, 1.9413
52.5522, 2.3366
52.5722, 1.6512
52.5922, 0.3330
52.6122, 2.7124
52.6322, 2.6531
52.6522, 0.0000
52.6722, 2.4732
52.6922, 3.7180
52.7122, 0.8361
52.7322, 1.8897
52.7522, 1.7811
52.7722, 3.6220
52.7922, 3.0829
52.8122, 1.0852
52.8322, 2.3047
52.8522, 4.2637
52.8722, 1.3387
52.8923, 1.9517
52.9123, 2.4760
52.9323, 1.3533
52.9523, 3.7247
52.9723, 1.4906
52.9923, 0.5750
53.0123, 1.4383
53.0323, 2.6154
53.0523, 1.1653
53.0723, 2.2648
53.0923, 2.5250
53.1123, 0.7549
53.1323, 1.3996
53.1523, 2.3116
53.1723, 2.6647
53.1923, 1.4245
53.2123, 2.1145
53.2324, 1.6792
53.2524, 2.6902
53.2724, 2.4819
53.2924, 1.5897
53.3124, 2.4410
53.3324, 1.5506
53.3524, 2.4199
53.3724, 2.4338
53.3924, 4.3320
53.4124, 1.6269
53.4324, 1.8217
53.4524, 1.3162
53.4724, 0.9309
53.4924, 1.5068
53.5124, 2.6275
53.5324, 2.6998
53.5524, 2.2583
53.5724, 1.6674
53.5925, 1.4699
53.6125, 1.0468
53.6325, 1.4064
53.6525, 0.6688
53.6725, 3.3197
53.6925, 3.7986
53.7125, 0.0286
53.7325, 2.2519
53.7525, 2.2354
53.7725, 2.1715
53.7925, 1.3706
53.8125, 2.9846
53.8325, 2.3730
53.8525, 2.9962
53.8725, 1.2260
53.8925, 0.5808
53.9125, 2.3974
53.9326, 1.0007
53.9526, 3.0166
53.9726, 0.0000
53.9926, 1.4947
54.0126, 1.3475
54.0326, 1.6308
54.0526, 2.2238
54.0726, 2.3588
54.0926, 2.6021
54.1126, 2.7173
54.1326, 1.7915
54.1526, 4.0699
54.1726, 3.3489
54.1926, 1.6511
54.2126, 1.8261
54.2326, 1.6301
54.2526, 2.3259
54.2726, 0.9917
54.2927, 1.1740
54.3127, 0.0000
54.3327, 1.5645
54.3527, 3.0268
54.3727, 1.8109
54.3927, 1.8668
54.4127, 2.2408
54.4327, 0.9615
54.4527, 1.9882
54.4727, 2.8526
54.4927, 2.2694
54.5127, 2.9408
54.5327, 3.2275
54.5527, 2.6286
54.5727, 1.2587
54.5927, 1.6381
54.6127, 3.9328
54.6328, 2.3562
54.6528, 2.2927
54.6728, 1.3684
54.6928, 2.3165
54.7128, 3.3863
54.7328, 3.0422
54.7528, 2.9587
54.7728, 3.7150
54.7928, 5.7510
54.8128, 5.7594
54.8328, 6.0634
54.8528, 6.2497
54.8728, 4.7044
54.8928, 6.0215
54.9128, 6.4871
54.9328, 4.6881
54.9528, 5.3794
54.9728, 4.3941
54.9929, 4.1704
55.0129, 2.9715
55.0329, 3.4818
55.0529, 0.9051
55.0729, 2.2626
55.0929, 2.8805
55.1129, 2.4743
55.1329, 3.3560
55.1529, 2.2677
55.1729, 2.1323
55.1929, 1.3951
55.2129, 3.2093
55.2329, 4.5227
55.2529, 5.3243
55.2729, 3.6974
55.2929, 6.7066
55.3129, 4.8367
55.3330, 5.7652
55.3530, 5.1795
55.3730, 5.8341
55.3930, 5.0393
55.4130, 5.0763
55.4330, 5.6875
55.4530, 3.7364
55.4730, 2.3382
55.4930, 3.0461
55.5130, 4.2918
55.5330, 2.8443
55.5530, 3.0328
55.5730, 0.4361
55.5930, 2.3819
55.6130, 1.7103
55.6330, 1.2901
55.6530, 1.9434
55.6730, 2.0726
55.6931, 1.3394
55.7131, 2.1514
55.7331, 1.7896
55.7531, 2.6648
55.7731, 2.1903
55.7931, 2.3385
55.8131, 2.9415
55.8331, 2.5174
55.8531, 1.9568
55.8731, 0.0000
55.8931, 2.4762
55.9131, 1.0517
55.9331, 1.8767
55.9531, 2.3336
55.9731, 3.2949
55.9931, 3.8037
56.0131, 1.0424
56.0332, 0.6481
56.0532, 2.2883
56.0732, 2.2051
56.0932, 0.7620
56.1132, 1.9463
56.1332, 2.5600
56.1532, 0.7337
56.1732, 0.9691
56.1932, 1.3192
56.2132, 1.7508
56.2332, 2.6563
56.2532, 1.6367
56.2732, 2.0182
56.2932, 4.2073
56.3132, 1.0073
56.3332, 1.3104
56.3532, 2.6404
56.3732, 2.9501
56.3933, 2.3774
56.4133, 3.7704
56.4333, 2.2801
56.4533, 0.0000
56.4733, 2.0598
56.4933, 1.3924
56.5133, 3.3456
56.5333, 2.9267
56.5533, 0.3745
56.5733, 3.3121
56.5933, 2.9015
56.6133, 1.6387
56.6333, 1.8845
56.6533, 3.3540
56.6733, 0.0000
56.6933, 2.4079
56.7133, 3.0554
56.7334, 1.8742
56.7534, 2.6103
56.7734, 2.0660
56.7934, 1.1795
56.8134, 1.1545
56.8334, 2.6743
56.8534, 1.3277
56.8734, 0.4395
56.8934, 2.0852
56.9134, 1.4502
56.9334, 0.7647
56.9534, 2.0346
56.9734, 2.7296
56.9934, 1.9830
57.0134, 0.8975
57.0334, 2.4443
57.0534, 2.9972
57.0734, 4.1742
57.0935, 3.4036
57.1135, 0.9583
57.1335, 2.8203
57.1535, 2.2192
57.1735, 0.8117
57.1935, 2.2465
57.2135, 3.8800
57.2335, 3.1578
57.2535, 0.9502
57.2735, 1.9766
57.2935, 2.4542
57.3135, 0.2344
57.3335, 0.2688
57.3535, 2.1174
57.3735, 2.1304
57.3935, 0.1255
57.4135, 2.3506
57.4336, 3.0490
57.4536, 1.7448
57.4736, 2.0227
57.4936, 2.5338
57.5136, 2.4016
57.5336, 0.2956
57.5536, 1.0585
57.5736, 1.5673
57.5936, 1.1027
57.6136, 3.4287
57.6336, 2.5969
57.6536, 0.8540
57.6736, 1.7487
57.6936, 3.0924
57.7136, 1.3172
57.7336, 2.8138
57.7536, 3.3450
57.7736, 3.1781
57.7937, 2.1431
57.8137, 3.2129
57.8337, 1.4411
57.8537, 4.4468
57.8737, 2.2035
57.8937, 3.1088
57.9137, 1.6012
57.9337, 2.4619
57.9537, 2.5059
57.9737, 1.0348
57.9937, 1.0052
58.0137, 1.7585
58.0337, 3.0673
58.0537, 0.1329
58.0737, 1.6003
58.0937, 3.2717
58.1137, 0.7317
58.1338, 3.2158
58.1538, 0.8360
58.1738, 1.0471
58.1938, 1.8158
58.2138, 3.8349
58.2338, 1.3234
58.2538, 0.2313
58.2738, 0.5621
58.2938, 2.8941
58.3138, 0.6092
58.3338, 3.1499
58.3538, 2.0326
58.3738, 1.9306
58.3938, 2.2600
58.4138, 1.1626
58.4338, 2.1007
58.4538, 0.7708
58.4738, 3.3107
58.4939, 0.9364
58.5139, 2.4014
58.5339, 0.9290
58.5539, 1.4301
58.5739, 1.5894
58.5939, 4.9419
58.6139, 1.9485
58.6339, 1.1420
58.6539, 1.5187
58.6739, 0.4594
58.6939, 1.8002
58.7139, 3.8125
58.7339, 2.2987
58.7539, 2.8656
58.7739, 1.0537
58.7939, 1.7597
58.8139, 2.1666
58.8340, 1.2382
58.8540, 2.3626
58.8740, 2.5778
58.8940, 2.5053
58.9140, 1.8119
58.9340, 3.0529
58.9540, 1.7055
58.9740, 1.6143
58.9940, 3.4033
59.0140, 0.8568
59.0340, 0.2613
59.0540, 1.0958
59.0740, 2.3498
59.0940, 3.2455
59.1140, 1.3029
59.1340, 3.7763
59.1540, 1.9901
59.1740, 1.8475
59.1941, 1.1136
59.2141, 3.9127
59.2341, 1.8127
59.2541, 0.6320
59.2741, 4.4186
59.2941, 2.3562
59.3141, 2.7611
59.3341, 3.6431
59.3541, 2.5769
59.3741, 2.9370
59.3941, 2.0172
59.4141, 2.6960
59.4341, 1.9288
59.4541, 1.9427
59.4741, 2.0825
59.4941, 1.5664
59.5141, 2.4669
59.5342, 2.4644
59.5542, 2.7812
59.5742, 2.6021
59.5942, 3.9618
59.6142, 3.0159
59.6342, 1.7589
59.6542, 2.4231
59.6742, 3.3915
59.6942, 1.0503
59.7142, 4.0500
59.7342, 1.3321
59.7542, 3.1231
59.7742, 2.4181
59.7942, 2.6425
59.8142, 1.7862
59.8342, 4.5093
59.8542, 2.9358
59.8742, 3.4690
59.8943, 6.7585
59.9143, 7.9959
59.9343, 5.9832
59.9543, 7.8613
59.9743, 7.5971
59.9943, 6.3947
60.0143, 7.2981
60.0343, 5.1465
60.0543, 5.1294
60.0743, 2.6940
60.0943, 2.1582
60.1143, 4.0728
60.1343, 3.1108
60.1543, 2.1787
60.1743, 4.0724
60.1943, 3.9678
60.2143, 2.4571
60.2344, 0.5350
60.2544, 1.8635
60.2744, 1.1362
60.2944, 2.0544
60.3144, 1.0282
60.3344, 0.7679
60.3544, 0.0000
60.3744, 2.1300
60.3944, 0.0000
60.4144, 1.6429
60.4344, 2.6567
60.4544, 1.2414
60.4744, 0.8789
60.4944, 1.8951
60.5144, 1.1349
60.5344, 2.1484
60.5544, 0.9309
60.5744, 1.8585
60.5945, 1.6167
60.6145, 1.9514
60.6345, 3.5967
60.6545, 2.1625
60.6745, 2.4669
60.6945, 1.3386
60.7145, 2.1860
60.7345, 1.6883
60.7545, 1.9925
60.7745, 2.6113
60.7945, 1.4631
60.8145, 1.5652
60.8345, 1.4769
60.8545, 1.4576
60.8745, 2.1360
60.8945, 1.5992
60.9145, 3.4597
60.9346, 4.6399
60.9546, 1.3954
60.9746, 2.2567
60.9946, 3.0001
61.0146, 1.6974
61.0346, 0.9693
61.0546, 3.6997
61.0746, 2.6485
61.0946, 2.2813
61.1146, 3.4123
61.1346, 2.7325
61.1546, 1.9150
61.1746, 0.9870
61.1946, 1.4699
61.2146, 3.1668
61.2346, 2.6444
61.2546, 1.7764
61.2746, 3.7280
61.2947, 1.8058
61.3147, 2.9496
61.3347, 2.1828
61.3547, 3.8943
61.3747, 2.7153
61.3947, 2.0090
61.4147, 1.7842
61.4347, 1.9475
61.4547, 1.2381
61.4747, 0.5973
61.4947, 2.2714
61.5147, 1.4298
61.5347, 1.4271
61.5547, 1.8741
61.5747, 2.0151
61.5947, 1.9703
61.6147, 3.6998
61.6348, 2.6247
61.6548, 4.0690
61.6748, 1.5242
61.6948, 2.7460
61.7148, 1.5798
61.7348, 1.4022
61.7548, 4.1067
61.7748, 1.1954
61.7948, 0.0000
61.8148, 1.2555
61.8348, 0.0000
61.8548, 1.0123
61.8748, 1.1049
61.8948, 1.9981
61.9148, 0.0000
61.9348, 3.1579
61.9548, 0.0886
61.9748, 1.8352
61.9949, 1.6390
62.0149, 2.7876
62.0349, 2.3142
62.0549, 3.1488
62.0749, 1.6017
62.0949, 1.4985
62.1149, 2.3754
62.1349, 2.9913
62.1549, 2.7873
62.1749, 2.2844
62.1949, 2.1954
62.2149, 1.9266
62.2349, 2.3725
62.2549, 3.9962
62.2749, 1.7205
62.2949, 1.5987
62.3149, 1.5222
62.3350, 2.3520
62.3550, 0.0000
62.3750, 1.8279
62.3950, 2.8428
62.4150, 1.4371
62.4350, 2.1494
62.4550, 4.0705
62.4750, 2.2942
62.4950, 0.0000
62.5150, 0.5541
62.5350, 1.7121
62.5550, 1.1597
62.5750, 2.0662
62.5950, 1.6685
62.6150, 3.1280
62.6350, 0.8724
62.6550, 1.7556
62.6751, 2.1800
62.6951, 2.3038
62.7151, 2.1096
62.7351, 0.0000
62.7551, 2.0461
62.7751, 1.8123
62.7951, 2.8263
62.8151, 2.6853
62.8351, 2.2035
62.8551, 2.2758
62.8751, 3.3142
62.8951, 3.1123
62.9151, 2.2380
62.9351, 4.1066
62.9551, 1.3352
62.9751, 0.7784
62.9951, 1.9521
63.0151, 1.5894
63.0352, 0.0000
63.0552, 1.3110
63.0752, 2.3062
63.0952, 1.9049
63.1152, 1.1870
63.1352, 2.0052
63.1552, 2.0859
63.1752, 2.6774
63.1952, 1.3219
63.2152, 2.8360
63.2352, 0.8731
63.2552, 1.4599
63.2752, 3.6605
63.2952, 0.9398
63.3152, 1.3046
63.3352, 0.7108
63.3552, 1.1363
63.3753, 2.1011
63.3953, 2.6689
63.4153, 1.9443
63.4353, 1.6385
63.4553, 0.7211
63.4753, 1.2363
63.4953, 0.4181
63.5153, 2.6989
63.5353, 2.7683
63.5553, 1.9225
63.5753, 2.4040
63.5953, 2.8384
63.6153, 2.0641
63.6353, 3.3555
63.6553, 0.9402
63.6753, 1.6153
63.6953, 1.4975
63.7153, 2.6143
63.7354, 0.5406
63.7554, 3.4327
63.7754, 2.5707
63.7954, 3.8009
63.8154, 2.0840
63.8354, 1.6903
63.8554, 3.0695
63.8754, 3.6837
63.8954, 2.2528
63.9154, 1.3462
63.9354, 1.9311
63.9554, 4.4292
63.9754, 6.0673
63.9954, 3.4867
64.0154, 4.6308
64.0354, 4.5108
64.0554, 6.5807
64.0755, 6.5990
64.0955, 4.3712
64.1155, 4.4257
64.1355, 4.0009
64.1555, 1.5087
64.1755, 3.2120
64.1955, 1.2924
64.2155, 1.9997
64.2355, 3.2195
64.2555, 2.1068
64.2755, 3.0964
64.2955, 3.2764
64.3155, 0.2143
64.3355, 0.0000
64.3555, 3.1253
64.3755, 3.1648
64.3955, 2.2194
64.4155, 2.3548
64.4356, 2.8552
64.4556, 2.8366
64.4756, 1.6589
64.4956, 2.9180
64.5156, 1.6167
64.5356, 2.2062
64.5556, 2.1628
64.5756, 1.1041
64.5956, 1.2205
64.6156, 4.1952
64.6356, 1.0717
64.6556, 2.3326
64.6756, 2.5422
64.6956, 1.9087
64.7156, 2.6338
64.7356, 2.2916
64.7556, 1.0933
64.7757, 2.4993
64.7957, 1.4186
64.8157, 3.7022
64.8357, 2.3917
64.8557, 1.2633
64.8757, 2.3049
64.8957, 1.0388
64.9157, 2.2205
64.9357, 1.7374
64.9557, 1.1367
64.9757, 1.1241
64.9957, 4.3959
65.0157, 2.0542
65.0357, 1.5315
65.0557, 1.3585
65.0757, 2.4337
65.0957, 1.3249
65.1157, 0.8691
65.1358, 1.9305
65.1558, 1.9230
65.1758, 1.5462
65.1958, 1.0723
65.2158, 1.5722
65.2358, 1.4936
65.2558, 1.3550
65.2758, 2.2392
65.2958, 4.1873
65.3158, 3.2936
65.3358, 3.9033
65.3558, 1.3956
65.3758, 3.6362
65.3958, 2.1900
65.4158, 2.9485
65.4358, 2.4202
65.4558, 1.6199
65.4759, 2.6818
65.4959, 2.4474
65.5159, 0.1961
65.5359, 1.8389
65.5559, 2.8346
65.5759, 2.2401
65.5959, 2.4320
65.6159, 1.2121
65.6359, 2.2189
65.6559, 1.8666
65.6759, 1.7596
65.6959, 1.2842
65.7159, 2.8770
65.7359, 2.3081
65.7559, 2.2072
65.7759, 4.0120
65.7959, 2.4363
65.8159, 3.1624
65.8360, 2.2356
65.8560, 1.6100
65.8760, 0.9046
65.8960, 2.2041
65.9160, 0.0000
65.9360, 2.2351
65.9560, 2.2780
65.9760, 1.7455
65.9960, 1.8706
66.0160, 0.7127
66.0360, 3.3474
66.0560, 1.6259
66.0760, 0.9916
66.0960, 2.5071
66.1160, 2.0736
66.1360, 1.6048
66.1560, 1.4992
66.1761, 1.9573
66.1961, 3.3076
66.2161, 2.4321
66.2361, 1.9285
66.2561, 2.8146
66.2761, 1.9904
66.2961, 2.3641
66.3161, 2.1139
66.3361, 2.5522
66.3561, 1.5191
66.3761, 0.8245
66.3961, 2.8690
66.4161, 3.4666
66.4361, 0.8719
66.4561, 2.1420
66.4761, 1.5144
66.4961, 2.8456
66.5161, 2.2093
66.5362, 5.2877
66.5562, 1.6617
66.5762, 3.4990
66.5962, 3.5962
66.6162, 2.4961
66.6362, 1.9999
66.6562, 2.0577
66.6762, 1.9731
66.6962, 3.0953
66.7162, 1.0909
66.7362, 1.8020
66.7562, 1.6809
66.7762, 0.2381
66.7962, 2.8211
66.8162, 3.0250
66.8362, 1.3292
66.8562, 2.9922
66.8763, 0.3805
66.8963, 1.9868
66.9163, 1.8367
66.9363, 2.0506
66.9563, 2.0454
66.9763, 1.8859
66.9963, 1.5754
67.0163, 1.8543
67.0363, 3.3250
67.0563, 1.3846
67.0763, 4.2164
67.0963, 1.3282
67.1163, 2.2028
67.1363, 2.5336
67.1563, 1.6714
67.1763, 3.3442
67.1963, 2.5077
67.2163, 1.7581
67.2364, 3.3331
67.2564, 0.9482
67.2764, 1.3979
67.2964, 2.5250
67.3164, 2.7637
67.3364, 2.2853
67.3564, 1.8360
67.3764, 1.7123
67.3964, 3.0950
67.4164, 2.2072
67.4364, 1.1012
67.4564, 1.0561
67.4764, 3.5229
67.4964, 1.3411
67.5164, 2.4197
67.5364, 3.6459
67.5564, 3.0744
67.5765, 2.1280
67.5965, 2.3598
67.6165, 5.8759
67.6365, 3.7238
67.6565, 5.0408
67.6765, 6.7871
67.6965, 6.9085
67.7165, 8.2036
67.7365, 6.3800
67.7565, 7.5314
67.7765, 8.0096
67.7965, 7.3641
67.8165, 5.3187
67.8365, 4.0374
67.8565, 4.4926
67.8765, 2.3089
67.8965, 4.4041
67.9165, 2.9531
67.9366, 1.9498
67.9566, 1.6137
67.9766, 2.2226
67.9966, 1.6428
68.0166, 4.1938
68.0366, 3.5121
68.0566, 5.3976
68.0766, 6.2160
68.0966, 7.2356
68.1166, 6.9394
68.1366, 7.9906
68.1566, 8.1621
68.1766, 6.6925
68.1966, 6.2104
68.2166, 4.6721
68.2366, 3.5447
68.2566, 5.1549
68.2767, 3.9131
68.2967, 3.5447
68.3167, 1.9367
68.3367, 3.9217
68.3567, 1.9240
68.3767, 1.2627
68.3967, 1.4407
68.4167, 3.5572
68.4367, 0.8637
68.4567, 1.2171
68.4767, 4.8610
68.4967, 2.9039
68.5167, 1.2307
68.5367, 0.8824
68.5567, 0.2916
68.5767, 2.0599
68.5967, 2.6903
68.6167, 3.4805
68.6368, 0.0704
68.6568, 0.6386
68.6768, 1.8434
68.6968, 4.7483
68.7168, 2.8481
68.7368, 2.3354
68.7568, 0.7389
68.7768, 0.0000
68.7968, 2.0017
68.8168, 1.8636
68.8368, 1.6953
68.8568, 1.5828
68.8768, 1.2151
68.8968, 0.9860
68.9168, 3.3513
68.9368, 1.0771
68.9568, 1.6870
68.9769, 1.9238
68.9969, 2.6686
69.0169, 1.1117
69.0369, 2.9402
69.0569, 1.3837
69.0769, 1.8011
69.0969, 3.6047
69.1169, 0.9944
69.1369, 2.6832
69.1569, 2.9667
69.1769, 2.2725
69.1969, 1.8455
69.2169, 4.0869
69.2369, 1.9491
69.2569, 2.1668
69.2769, 1.6266
69.2969, 2.1138
69.3169, 2.9262
69.3370, 1.6878
69.3570, 0.0000
69.3770, 2.4760
69.3970, 0.8854
69.4170, 2.7042
69.4370, 1.9616
69.4570, 2.9052
69.4770, 1.0153
69.4970, 1.4281
69.5170, 1.6231
69.5370, 0.4818
69.5570, 3.0734
69.5770, 0.3388
69.5970, 3.0593
69.6170, 2.3869
69.6370, 1.7642
69.6570, 2.3077
69.6771, 2.2804
69.6971, 1.5628
69.7171, 2.2608
69.7371, 2.6935
69.7571, 1.0190
69.7771, 2.3088
69.7971, 0.0000
69.8171, 0.0348
69.8371, 2.5270
69.8571, 1.5454
69.8771, 1.1101
69.8971, 1.9099
69.9171, 1.5673
69.9371, 0.9751
69.9571, 0.3251
69.9771, 0.0000
69.9971, 2.7011
70.0171, 1.5407
70.0372, 2.9317
70.0572, 1.5306
70.0772, 2.3176
70.0972, 1.8376
70.1172, 2.0073
70.1372, 2.0559
70.1572, 1.5175
70.1772, 0.7342
70.1972, 2.7284
70.2172, 3.5552
70.2372, 3.6208
70.2572, 1.4101
70.2772, 1.2303
70.2972, 1.4090
70.3172, 1.7872
70.3372, 1.9105
70.3572, 0.9658
70.3773, 0.4843
70.3973, 2.0128
70.4173, 0.0000
70.4373, 1.8623
70.4573, 1.0189
70.4773, 2.7424
70.4973, 3.0097
70.5173, 3.0333
70.5373, 1.6167
70.5573, 0.8286
70.5773, 1.1489
70.5973, 2.2503
70.6173, 0.3183
70.6373, 3.3553
70.6573, 1.6325
70.6773, 2.4627
70.6973, 0.1829
70.7173, 1.0376
70.7374, 0.0587
70.7574, 2.9833
70.7774, 1.8028
70.7974, 2.5337
70.8174, 2.0263
70.8374, 2.4310
70.8574, 1.6257
70.8774, 1.7595
70.8974, 1.8712
70.9174, 2.3682
70.9374, 2.3947
70.9574, 4.7721
70.9774, 3.6432
70.9974, 0.1855
71.0174, 1.8199
71.0374, 1.5573
71.0574, 3.2420
71.0775, 1.6474
71.0975, 2.4268
71.1175, 0.0000
71.1375, 0.4505
71.1575, 4.0535
71.1775, 2.0131
71.1975, 0.9652
71.2175, 2.2056
71.2375, 0.9107
71.2575, 1.6797
71.2775, 0.5114
71.2975, 1.1748
71.3175, 1.5469
71.3375, 3.0827
71.3575, 2.4266
71.3775, 2.6009
71.3975, 1.9371
71.4175, 2.7851
71.4376, 1.0901
71.4576, 1.2308
71.4776, 2.3702
71.4976, 1.6840
71.5176, 1.9491
71.5376, 1.7989
71.5576, 3.2153
71.5776, 3.2674
71.5976, 1.3372
71.6176, 0.2044
71.6376, 1.2520
71.6576, 1.0666
71.6776, 2.7940
71.6976, 2.8827
71.7176, 0.9326
71.7376, 1.2090
71.7576, 0.4851
71.7777, 2.0972
71.7977, 1.9180
71.8177, 2.7514
71.8377, 2.4596
71.8577, 2.5726
71.8777, 0.4221
71.8977, 1.3371
71.9177, 2.9110
71.9377, 1.4247
71.9577, 0.3366
71.9777, 2.7702
71.9977, 1.3861
72.0177, 3.0247
72.0377, 1.9445
72.0577, 1.6859
72.0777, 3.3250
72.0977, 0.6613
72.1177, 3.3960
72.1378, 1.3240
72.1578, 2.1251
72.1778, 2.1346
72.1978, 1.5361
72.2178, 1.2014
72.2378, 1.5934
72.2578, 0.9491
72.2778, 3.9233
72.2978, 1.4821
72.3178, 3.1209
72.3378, 2.9892
72.3578, 2.3255
72.3778, 1.8273
72.3978, 2.1565
72.4178, 2.5346
72.4378, 2.0633
72.4578, 0.3974
72.4779, 0.1460
72.4979, 3.4707
72.5179, 0.0000
72.5379, 2.1584
72.5579, 1.7281
72.5779, 2.1236
72.5979, 0.8238
72.6179, 2.3133
72.6379, 2.1687
72.6579, 4.7217
72.6779, 2.0928
72.6979, 3.3100
72.7179, 0.4654
72.7379, 2.9822
72.7579, 2.1890
72.7779, 2.2324
72.7979, 2.2462
72.8179, 3.6679
72.8380, 2.2178
72.8580, 1.1794
72.8780, 1.3474
72.8980, 2.7794
72.9180, 2.4100
72.9380, 0.4336
72.9580, 2.4771
72.9780, 0.8814
72.9980, 2.4008
73.0180, 1.1580
73.0380, 1.6816
73.0580, 1.4185
73.0780, 3.4807
73.0980, 2.3647
73.1180, 3.2237
73.1380, 4.8577
73.1580, 2.0143
73.1781, 3.4744
73.1981, 1.2873
73.2181, 3.2650
73.2381, 1.2503
73.2581, 2.1190
73.2781, 2.8049
73.2981, 3.1627
73.3181, 1.4843
73.3381, 2.2720
73.3581, 4.2220
73.3781, 3.7819
73.3981, 3.3105
73.4181, 5.1496
73.4381, 5.5028
73.4581, 6.0273
73.4781, 6.3995
73.4981, 6.1442
73.5181, 4.5384
73.5382, 4.3975
73.5582, 5.1806
73.5782, 3.1649
73.5982, 2.8253
73.6182, 1.3168
73.6382, 2.4869
73.6582, 2.6451
73.6782, 0.1836
73.6982, 0.9997
73.7182, 0.5972
73.7382, 2.7774
73.7582, 0.0645
73.7782, 1.8897
73.7982, 2.6824
73.8182, 2.1514
73.8382, 1.5236
73.8582, 2.3092
73.8783, 2.9991
73.8983, 1.8554
73.9183, 0.0000
73.9383, 3.1097
73.9583, 2.3628
73.9783, 1.9298
73.9983, 0.0000
74.0183, 1.6648
74.0383, 1.0881
74.0583, 0.7476
74.0783, 1.8265
74.0983, 1.4273
74.1183, 1.4932
74.1383, 2.7019
74.1583, 2.2183
74.1783, 1.4678
74.1983, 1.3410
74.2183, 1.5084
74.2384, 1.7156
74.2584, 2.5465
74.2784, 0.9212
74.2984, 3.4202
74.3184, 2.5472
74.3384, 0.0000
74.3584, 2.0482
74.3784, 3.0028
74.3984, 2.3513
74.4184, 1.5509
74.4384, 1.9018
74.4584, 2.1411
74.4784, 2.7319
74.4984, 0.5489
74.5184, 1.3584
74.5384, 3.6002
74.5584, 1.9958
74.5785, 3.4896
74.5985, 4.9461
74.6185, 1.4712
74.6385, 0.7666
74.6585, 1.6976
74.6785, 3.0610
74.6985, 3.2008
74.7185, 4.2331
74.7385, 1.9261
74.7585, 2.4506
74.7785, 1.2517
74.7985, 0.0000
74.8185, 1.9233
74.8385, 0.8101
74.8585, 2.6057
74.8785, 0.0830
74.8985, 1.2241
74.9185, 2.2304
74.9386, 2.3350
74.9586, 1.9155
74.9786, 3.8287
74.9986, 3.5311
75.0186, 1.2791
75.0386, 3.5710
75.0586, 3.7237
75.0786, 1.8391
75.0986, 2.0083
75.1186, 1.9122
75.1386, 1.3184
75.1586, 1.4177
75.1786, 3.2812
75.1986, 2.3999
75.2186, 1.4091
75.2386, 1.0376
75.2586, 1.2054
75.2787, 1.7992
75.2987, 2.8753
75.3187, 1.1035
75.3387, 2.8639
75.3587, 2.1597
75.3787, 2.1056
75.3987, 2.9879
75.4187, 2.8056
75.4387, 0.5595
75.4587, 0.8797
75.4787, 1.7336
75.4987, 2.3186
75.5187, 3.3264
75.5387, 2.0279
75.5587, 3.6652
75.5787, 1.2568
75.5987, 1.4257
75.6187, 1.6574
75.6388, 1.1463
75.6588, 3.1214
75.6788, 0.0000
75.6988, 1.4597
75.7188, 3.1102
75.7388, 1.6508
75.7588, 3.0349
75.7788, 4.1588
75.7988, 2.0432
75.8188, 3.1309
75.8388, 4.3801
75.8588, 2.3647
75.8788, 1.9149
75.8988, 2.8646
75.9188, 3.1462
75.9388, 1.9241
75.9588, 1.4794
75.9789, 3.6789
75.9989, 1.6925
76.0189, 3.1557
76.0389, 2.2255
76.0589, 3.7884
76.0789, 1.1145
76.0989, 1.1126
76.1189, 2.8167
76.1389, 0.8334
76.1589, 2.0794
76.1789, 3.5101
76.1989, 0.1795
76.2189, 2.3647
76.2389, 3.1737
76.2589, 1.9370
76.2789, 1.0365
76.2989, 1.7005
76.3189, 1.1250
76.3390, 2.0320
76.3590, 1.6864
76.3790, 1.4500
76.3990, 2.4287
76.4190, 3.5407
76.4390, 2.2904
76.4590, 3.3055
76.4790, 3.5405
76.4990, 1.3767
76.5190, 2.2375
76.5390, 1.5383
76.5590, 0.4819
76.5790, 2.3184
76.5990, 0.9116
76.6190, 2.4468
76.6390, 0.4082
76.6590, 2.1337
76.6791, 0.3934
76.6991, 2.6362
76.7191, 1.5698
76.7391, 1.4735
76.7591, 3.0885
76.7791, 1.6416
76.7991, 2.0737
76.8191, 1.7644
76.8391, 2.4699
76.8591, 3.0050
76.8791, 2.7979
76.8991, 1.4966
76.9191, 3.1710
76.9391, 1.0473
76.9591, 1.2210
76.9791, 1.8352
76.9991, 3.0089
77.0191, 0.7937
77.0392, 2.8537
77.0592, 1.9082
77.0792, 1.5295
77.0992, 3.0598
77.1192, 1.1609
77.1392, 4.2467
77.1592, 1.7864
77.1792, 2.1126
77.1992, 3.5046
77.2192, 2.1387
77.2392, 3.1508
77.2592, 0.0113
77.2792, 1.5206
77.2992, 2.3593
77.3192, 3.0434
77.3392, 2.7320
77.3592, 2.6384
77.3793, 3.0231
77.3993, 2.4375
77.4193, 0.0000
77.4393, 3.4039
77.4593, 1.1259
77.4793, 2.2763
77.4993, 2.1437
77.5193, 2.0102
77.5393, 0.8577
77.5593, 0.0257
77.5793, 0.9613
77.5993, 2.7885
77.6193, 0.5174
77.6393, 1.0833
77.6593, 2.3806
77.6793, 0.9363
77.6993, 1.4203
77.7193, 2.0446
77.7394, 2.2453
77.7594, 0.9165
77.7794, 2.1037
77.7994, 2.3614
77.8194, 0.6907
77.8394, 2.1776
77.8594, 1.2469
77.8794, 2.0867
77.8994, 2.6854
77.9194, 1.7868
77.9394, 2.8756
77.9594, 2.7531
77.9794, 2.8700
77.9994, 2.3657
78.0194, 3.0628
78.0394, 2.3477
78.0594, 0.2970
78.0795, 1.1714
78.0995, 1.7518
78.1195, 1.8757
78.1395, 2.3203
78.1595, 1.1566
78.1795, 3.9700
78.1995, 1.8605
78.2195, 1.9552
78.2395, 1.2927
78.2595, 0.9603
78.2795, 1.8367
78.2995, 1.9904
78.3195, 1.8761
78.3395, 3.6167
78.3595, 1.8367
78.3795, 1.8770
78.3995, 2.7775
78.4195, 1.7920
78.4396, 2.5018
78.4596, 0.6849
78.4796, 0.6928
78.4996, 2.0848
78.5196, 1.7315
78.5396, 1.1545
78.5596, 2.0846
78.5796, 2.1718
78.5996, 1.2536
78.6196, 1.4445
78.6396, 2.1793
78.6596, 0.9426
78.6796, 1.3593
78.6996, 2.4964
78.7196, 1.9391
78.7396, 1.4861
78.7596, 1.0605
78.7797, 0.9505
78.7997, 1.8312
78.8197, 3.9871
78.8397, 2.5282
78.8597, 0.6311
78.8797, 2.6695
78.8997, 1.2046
78.9197, 1.9580
78.9397, 1.3745
78.9597, 3.9840
78.9797, 0.8297
78.9997, 2.2763
79.0197, 1.2781
79.0397, 2.7011
79.0597, 2.2561
79.0797, 3.2164
79.0997, 2.6804
79.1197, 1.2699
79.1398, 4.8768
79.1598, 2.5179
79.1798, 1.4127
79.1998, 2.1683
79.2198, 2.5932
79.2398, 2.5552
79.2598, 2.4585
79.2798, 2.9286
79.2998, 2.8304
79.3198, 1.1160
79.3398, 4.0693
79.3598, 3.9302
79.3798, 2.7632
79.3998, 2.0016
79.4198, 2.0187
79.4398, 1.6394
79.4598, 1.7687
79.4799, 0.0000
79.4999, 3.4919
79.5199, 3.1394
79.5399, 0.2875
79.5599, 2.8522
79.5799, 1.9552
79.5999, 1.7640
79.6199, 2.4553
79.6399, 0.2215
79.6599, 1.9516
79.6799, 2.0423
79.6999, 2.0433
79.7199, 0.5965
79.7399, 2.4094
79.7599, 3.0219
79.7799, 2.3699
79.7999, 1.7339
79.8199, 4.6498
79.8400, 1.0390
79.8600, 2.7357
79.8800, 2.2060
79.9000, 3.9736
79.9200, 2.3493
79.9400, 2.5636
79.9600, 2.4682
79.9800, 0.9054
80.0000, 1.0947
