##NAMES=Quartz Annealed Sample 04
##RRUFFID=SYN000004
##SOURCE=Synthetic — systematic FWHM broadening demo
##X-RAY WAVELENGTH=1.54056
##FWHM_NOMINAL=0.1400
##END=
10.0000, 2.4481
10.0200, 1.6998
10.0400, 1.3159
10.0600, 1.6755
10.0800, 2.6124
10.1000, 2.6690
10.1200, 2.1353
10.1400, 3.0340
10.1600, 3.2086
10.1801, 2.7601
10.2001, 1.4095
10.2201, 2.4410
10.2401, 2.4457
10.2601, 1.1425
10.2801, 0.3953
10.3001, 0.0000
10.3201, 2.0202
10.3401, 2.2463
10.3601, 0.7796
10.3801, 2.9877
10.4001, 2.1018
10.4201, 3.2885
10.4401, 2.3182
10.4601, 0.8940
10.4801, 2.4052
10.5001, 2.6151
10.5201, 1.4081
10.5402, 0.5215
10.5602, 2.0503
10.5802, 0.9589
10.6002, 3.0619
10.6202, 1.5473
10.6402, 3.6603
10.6602, 0.0000
10.6802, 2.0845
10.7002, 3.3677
10.7202, 1.0685
10.7402, 1.7931
10.7602, 1.5514
10.7802, 1.2732
10.8002, 2.1934
10.8202, 0.6669
10.8402, 1.8409
10.8602, 2.4624
10.8803, 1.7377
10.9003, 0.9595
10.9203, 2.9720
10.9403, 2.6747
10.9603, 0.9189
10.9803, 0.6682
11.0003, 1.0074
11.0203, 2.4914
11.0403, 2.2241
11.0603, 2.7340
11.0803, 1.6276
11.1003, 1.0343
11.1203, 2.8617
11.1403, 1.4023
11.1603, 2.1358
11.1803, 0.4147
11.2003, 1.3861
11.2203, 2.9514
11.2404, 1.2410
11.2604, 2.7582
11.2804, 0.0000
11.3004, 1.3965
11.3204, 1.7811
11.3404, 3.6781
11.3604, 0.7922
11.3804, 2.6160
11.4004, 2.9985
11.4204, 1.2358
11.4404, 1.5807
11.4604, 2.0913
11.4804, 0.4825
11.5004, 1.4998
11.5204, 3.2158
11.5404, 2.4690
11.5604, 1.7955
11.5805, 2.0630
11.6005, 2.5267
11.6205, 2.7165
11.6405, 1.3994
11.6605, 3.4721
11.6805, 3.2557
11.7005, 2.6222
11.7205, 1.1154
11.7405, 0.9397
11.7605, 1.6272
11.7805, 2.0111
11.8005, 0.1980
11.8205, 2.4412
11.8405, 3.2270
11.8605, 2.5223
11.8805, 1.2808
11.9005, 1.1635
11.9205, 2.2481
11.9406, 1.7990
11.9606, 2.3900
11.9806, 2.5473
12.0006, 3.0332
12.0206, 0.8288
12.0406, 2.1706
12.0606, 1.5906
12.0806, 1.8531
12.1006, 2.8077
12.1206, 2.9155
12.1406, 3.3370
12.1606, 2.3728
12.1806, 1.8419
12.2006, 1.7003
12.2206, 0.2315
12.2406, 3.2788
12.2606, 1.6319
12.2807, 2.4523
12.3007, 2.6239
12.3207, 0.7166
12.3407, 1.0357
12.3607, 3.4843
12.3807, 2.2388
12.4007, 1.3755
12.4207, 1.8257
12.4407, 3.0276
12.4607, 2.8770
12.4807, 0.4978
12.5007, 3.5708
12.5207, 2.9085
12.5407, 1.7998
12.5607, 0.7697
12.5807, 2.9956
12.6007, 2.4231
12.6207, 0.5060
12.6408, 1.7209
12.6608, 5.0495
12.6808, 1.9673
12.7008, 1.2155
12.7208, 0.9513
12.7408, 3.7074
12.7608, 2.7912
12.7808, 3.3459
12.8008, 2.1969
12.8208, 3.1939
12.8408, 1.1101
12.8608, 2.1121
12.8808, 2.2354
12.9008, 3.3212
12.9208, 2.2669
12.9408, 1.3309
12.9608, 2.0144
12.9809, 0.2893
13.0009, 0.0000
13.0209, 2.7749
13.0409, 1.5795
13.0609, 1.6918
13.0809, 2.7745
13.1009, 3.3356
13.1209, 2.4807
13.1409, 3.8620
13.1609, 2.4492
13.1809, 2.2505
13.2009, 2.1892
13.2209, 0.6768
13.2409, 2.8985
13.2609, 0.0000
13.2809, 1.3698
13.3009, 1.9736
13.3209, 1.1681
13.3410, 1.5031
13.3610, 3.7741
13.3810, 3.0452
13.4010, 1.2711
13.4210, 1.4855
13.4410, 0.6852
13.4610, 2.6497
13.4810, 1.7034
13.5010, 0.0018
13.5210, 2.0508
13.5410, 2.3860
13.5610, 2.9056
13.5810, 1.8782
13.6010, 1.5815
13.6210, 3.9197
13.6410, 1.9574
13.6610, 2.6641
13.6811, 1.4161
13.7011, 2.6347
13.7211, 0.5081
13.7411, 1.4929
13.7611, 0.7533
13.7811, 1.3513
13.8011, 3.1904
13.8211, 1.3440
13.8411, 2.6628
13.8611, 3.4548
13.8811, 1.9236
13.9011, 2.9359
13.9211, 2.4773
13.9411, 2.0663
13.9611, 2.6946
13.9811, 3.7746
14.0011, 1.3193
14.0211, 1.0002
14.0412, 0.9420
14.0612, 2.9366
14.0812, 3.0703
14.1012, 1.4186
14.1212, 0.0000
14.1412, 1.2821
14.1612, 2.4939
14.1812, 1.8848
14.2012, 2.1297
14.2212, 1.4322
14.2412, 2.9561
14.2612, 2.2911
14.2812, 2.5322
14.3012, 2.1086
14.3212, 2.4707
14.3412, 2.4054
14.3612, 1.0310
14.3813, 2.3207
14.4013, 2.7354
14.4213, 3.0959
14.4413, 2.3634
14.4613, 0.9942
14.4813, 1.1468
14.5013, 1.5196
14.5213, 2.1387
14.5413, 1.8298
14.5613, 0.8371
14.5813, 0.8312
14.6013, 0.0000
14.6213, 0.0000
14.6413, 1.8203
14.6613, 4.2507
14.6813, 3.7318
14.7013, 0.9813
14.7213, 2.0995
14.7414, 0.4993
14.7614, 0.6504
14.7814, 0.7640
14.8014, 1.7274
14.8214, 1.7701
14.8414, 2.2014
14.8614, 2.6083
14.8814, 1.6170
14.9014, 1.9868
14.9214, 0.8668
14.9414, 0.6183
14.9614, 0.4652
14.9814, 2.5944
15.0014, 1.6160
15.0214, 0.0963
15.0414, 1.8884
15.0614, 0.7131
15.0815, 3.5966
15.1015, 1.3772
15.1215, 2.6264
15.1415, 3.0303
15.1615, 1.0044
15.1815, 2.0263
15.2015, 2.4995
15.2215, 2.0654
15.2415, 2.3088
15.2615, 0.6330
15.2815, 2.5001
15.3015, 1.4690
15.3215, 2.2973
15.3415, 2.8628
15.3615, 2.6138
15.3815, 2.2966
15.4015, 2.5874
15.4215, 2.6333
15.4416, 3.4332
15.4616, 1.9172
15.4816, 2.1134
15.5016, 2.8748
15.5216, 1.4649
15.5416, 0.6274
15.5616, 2.4398
15.5816, 1.7467
15.6016, 0.7540
15.6216, 2.4470
15.6416, 3.3694
15.6616, 0.3355
15.6816, 2.9642
15.7016, 0.0000
15.7216, 1.5542
15.7416, 3.7752
15.7616, 1.6255
15.7817, 2.0401
15.8017, 2.7071
15.8217, 0.2496
15.8417, 2.0224
15.8617, 2.0146
15.8817, 3.7968
15.9017, 0.7261
15.9217, 1.5727
15.9417, 1.0307
15.9617, 0.9256
15.9817, 3.0684
16.0017, 1.9773
16.0217, 1.4002
16.0417, 1.4376
16.0617, 1.3927
16.0817, 1.4813
16.1017, 0.6976
16.1217, 1.6945
16.1418, 1.5949
16.1618, 1.1998
16.1818, 2.1046
16.2018, 2.1887
16.2218, 1.3992
16.2418, 1.8081
16.2618, 4.0905
16.2818, 4.0526
16.3018, 0.9061
16.3218, 1.0445
16.3418, 0.9009
16.3618, 2.9986
16.3818, 1.5559
16.4018, 2.1885
16.4218, 3.9303
16.4418, 1.9405
16.4618, 2.6509
16.4819, 2.4667
16.5019, 1.3679
16.5219, 3.0007
16.5419, 1.1087
16.5619, 3.2790
16.5819, 1.3686
16.6019, 1.4772
16.6219, 0.8720
16.6419, 1.0348
16.6619, 1.5279
16.6819, 0.0000
16.7019, 1.7196
16.7219, 1.4474
16.7419, 2.7340
16.7619, 2.3702
16.7819, 1.2495
16.8019, 1.4964
16.8219, 1.7184
16.8420, 3.4238
16.8620, 1.1359
16.8820, 1.2375
16.9020, 0.8323
16.9220, 0.4819
16.9420, 2.2552
16.9620, 2.1520
16.9820, 3.2224
17.0020, 2.9831
17.0220, 4.3269
17.0420, 1.8777
17.0620, 1.6927
17.0820, 0.6622
17.1020, 2.6413
17.1220, 2.0684
17.1420, 2.5964
17.1620, 0.8218
17.1821, 2.2994
17.2021, 2.1543
17.2221, 2.0887
17.2421, 1.2737
17.2621, 3.1297
17.2821, 3.9831
17.3021, 0.8504
17.3221, 2.6650
17.3421, 0.0000
17.3621, 2.6136
17.3821, 0.0973
17.4021, 1.4306
17.4221, 0.6495
17.4421, 1.7372
17.4621, 2.7823
17.4821, 0.1100
17.5021, 1.5946
17.5221, 1.4421
17.5422, 3.5180
17.5622, 2.3789
17.5822, 0.7841
17.6022, 1.4838
17.6222, 3.4933
17.6422, 2.6590
17.6622, 1.0408
17.6822, 1.6862
17.7022, 1.7179
17.7222, 1.4177
17.7422, 0.2558
17.7622, 1.2793
17.7822, 3.3279
17.8022, 1.5731
17.8222, 1.8486
17.8422, 2.0902
17.8622, 4.1495
17.8823, 1.9597
17.9023, 3.0352
17.9223, 1.3580
17.9423, 1.6938
17.9623, 1.9634
17.9823, 1.1836
18.0023, 1.7490
18.0223, 2.8311
18.0423, 1.1576
18.0623, 1.9510
18.0823, 2.6534
18.1023, 1.1337
18.1223, 3.0367
18.1423, 2.0232
18.1623, 1.7872
18.1823, 0.0000
18.2023, 1.5806
18.2223, 2.3192
18.2424, 3.6809
18.2624, 2.5138
18.2824, 3.0672
18.3024, 0.7525
18.3224, 1.8252
18.3424, 3.1609
18.3624, 1.0710
18.3824, 2.9076
18.4024, 2.6778
18.4224, 2.2232
18.4424, 1.6251
18.4624, 0.9733
18.4824, 3.7106
18.5024, 2.5772
18.5224, 2.2885
18.5424, 1.5417
18.5624, 1.9885
18.5825, 2.1142
18.6025, 2.3473
18.6225, 2.6788
18.6425, 1.1753
18.6625, 0.4973
18.6825, 2.0345
18.7025, 0.2191
18.7225, 1.6301
18.7425, 1.4462
18.7625, 2.4383
18.7825, 3.9160
18.8025, 0.0235
18.8225, 4.2050
18.8425, 1.7199
18.8625, 2.2957
18.8825, 0.5486
18.9025, 2.9390
18.9225, 1.9920
18.9426, 1.8900
18.9626, 0.0306
18.9826, 2.0241
19.0026, 2.7893
19.0226, 1.7167
19.0426, 3.1148
19.0626, 3.0738
19.0826, 1.3155
19.1026, 3.5320
19.1226, 1.9958
19.1426, 2.0002
19.1626, 2.0490
19.1826, 2.0196
19.2026, 0.0000
19.2226, 1.7670
19.2426, 0.5990
19.2626, 3.5629
19.2827, 3.5230
19.3027, 2.7953
19.3227, 1.7146
19.3427, 0.9518
19.3627, 1.2991
19.3827, 3.8764
19.4027, 1.2648
19.4227, 0.0000
19.4427, 2.9720
19.4627, 3.4382
19.4827, 3.5955
19.5027, 2.9801
19.5227, 3.1418
19.5427, 2.0034
19.5627, 0.0000
19.5827, 1.9785
19.6027, 2.5670
19.6227, 1.8168
19.6428, 1.7717
19.6628, 0.9953
19.6828, 0.9580
19.7028, 3.7728
19.7228, 3.8087
19.7428, 1.9483
19.7628, 2.2300
19.7828, 0.9787
19.8028, 2.5878
19.8228, 3.6950
19.8428, 0.4352
19.8628, 2.4107
19.8828, 2.4852
19.9028, 2.4739
19.9228, 3.5792
19.9428, 3.9690
19.9628, 1.7195
19.9829, 2.6181
20.0029, 2.0344
20.0229, 1.3244
20.0429, 2.2193
20.0629, 2.6165
20.0829, 2.1659
20.1029, 1.0775
20.1229, 1.4914
20.1429, 1.4990
20.1629, 1.1159
20.1829, 2.2617
20.2029, 2.3653
20.2229, 2.9218
20.2429, 1.1009
20.2629, 1.3785
20.2829, 3.4918
20.3029, 1.7879
20.3229, 1.9808
20.3430, 1.7774
20.3630, 3.0740
20.3830, 3.1124
20.4030, 3.0543
20.4230, 1.9772
20.4430, 1.0862
20.4630, 3.8591
20.4830, 2.7997
20.5030, 1.4983
20.5230, 3.3622
20.5430, 1.4200
20.5630, 3.3492
20.5830, 3.4165
20.6030, 1.0390
20.6230, 2.5334
20.6430, 2.7475
20.6630, 4.6114
20.6831, 1.4129
20.7031, 3.8796
20.7231, 3.1367
20.7431, 3.1176
20.7631, 6.2226
20.7831, 9.1343
20.8031, 11.3887
20.8231, 15.9368
20.8431, 18.8263
20.8631, 18.7472
20.8831, 16.7900
20.9031, 14.5522
20.9231, 11.3846
20.9431, 8.4058
20.9631, 6.7342
20.9831, 4.1620
21.0031, 1.4744
21.0231, 1.7776
21.0432, 2.2596
21.0632, 3.1134
21.0832, 3.2518
21.1032, 3.7138
21.1232, 2.0813
21.1432, 2.7077
21.1632, 0.5093
21.1832, 2.3770
21.2032, 0.8851
21.2232, 1.8889
21.2432, 4.9540
21.2632, 2.2518
21.2832, 1.0947
21.3032, 2.3551
21.3232, 1.4384
21.3432, 0.9986
21.3632, 4.0355
21.3833, 3.0083
21.4033, 2.2934
21.4233, 1.5625
21.4433, 1.6429
21.4633, 3.4798
21.4833, 2.2548
21.5033, 0.0000
21.5233, 4.3505
21.5433, 2.1324
21.5633, 2.2913
21.5833, 3.0280
21.6033, 2.4122
21.6233, 2.6912
21.6433, 1.5309
21.6633, 0.7320
21.6833, 2.2287
21.7033, 3.3699
21.7233, 1.3088
21.7434, 1.2293
21.7634, 3.1612
21.7834, 1.4977
21.8034, 1.5440
21.8234, 1.5811
21.8434, 1.8865
21.8634, 0.3912
21.8834, 1.4163
21.9034, 2.1793
21.9234, 2.1722
21.9434, 3.0987
21.9634, 3.7741
21.9834, 3.4501
22.0034, 2.8575
22.0234, 1.8035
22.0434, 1.3333
22.0634, 1.9686
22.0835, 2.5313
22.1035, 2.7656
22.1235, 2.5685
22.1435, 1.8308
22.1635, 2.7308
22.1835, 3.2007
22.2035, 2.8233
22.2235, 1.9192
22.2435, 1.1244
22.2635, 1.1009
22.2835, 1.2757
22.3035, 2.2057
22.3235, 2.4661
22.3435, 0.5489
22.3635, 1.4514
22.3835, 2.1921
22.4035, 1.0592
22.4235, 2.3810
22.4436, 1.6462
22.4636, 1.2339
22.4836, 2.0037
22.5036, 2.3397
22.5236, 1.1099
22.5436, 1.7104
22.5636, 2.4145
22.5836, 1.1955
22.6036, 0.3078
22.6236, 0.4279
22.6436, 1.5366
22.6636, 0.6441
22.6836, 1.6063
22.7036, 3.6012
22.7236, 0.5845
22.7436, 1.6708
22.7636, 4.0644
22.7837, 2.3554
22.8037, 1.5864
22.8237, 1.7954
22.8437, 2.3765
22.8637, 3.6317
22.8837, 1.4247
22.9037, 1.2000
22.9237, 0.5843
22.9437, 2.0531
22.9637, 0.5576
22.9837, 1.4912
23.0037, 1.0502
23.0237, 3.0156
23.0437, 1.4470
23.0637, 2.3443
23.0837, 0.3610
23.1037, 2.0813
23.1237, 0.7584
23.1438, 1.5290
23.1638, 4.1426
23.1838, 2.8749
23.2038, 1.8236
23.2238, 5.1216
23.2438, 1.0438
23.2638, 3.1059
23.2838, 0.4318
23.3038, 1.7091
23.3238, 0.6150
23.3438, 2.2059
23.3638, 2.0064
23.3838, 1.6460
23.4038, 3.0333
23.4238, 1.3888
23.4438, 2.2749
23.4638, 2.7642
23.4839, 0.4808
23.5039, 1.2091
23.5239, 2.0043
23.5439, 2.5755
23.5639, 3.3596
23.5839, 1.7369
23.6039, 1.6372
23.6239, 1.0860
23.6439, 2.2780
23.6639, 1.6564
23.6839, 1.6793
23.7039, 1.8579
23.7239, 2.4977
23.7439, 1.3922
23.7639, 1.1856
23.7839, 2.3788
23.8039, 0.0000
23.8239, 1.3526
23.8440, 0.8098
23.8640, 3.1436
23.8840, 1.5139
23.9040, 1.3951
23.9240, 1.9027
23.9440, 1.3608
23.9640, 1.5518
23.9840, 2.0472
24.0040, 1.5326
24.0240, 1.5255
24.0440, 0.9497
24.0640, 0.8073
24.0840, 2.0110
24.1040, 2.2548
24.1240, 0.5354
24.1440, 2.7042
24.1640, 2.7082
24.1841, 2.9170
24.2041, 2.2482
24.2241, 2.5824
24.2441, 4.1167
24.2641, 1.6521
24.2841, 0.9144
24.3041, 0.4304
24.3241, 3.6911
24.3441, 3.7041
24.3641, 1.0345
24.3841, 1.2300
24.4041, 1.6298
24.4241, 3.1644
24.4441, 0.6750
24.4641, 0.0016
24.4841, 4.0993
24.5041, 2.2605
24.5241, 2.4013
24.5442, 1.7476
24.5642, 2.4126
24.5842, 0.4501
24.6042, 1.1174
24.6242, 2.0551
24.6442, 0.0000
24.6642, 1.6511
24.6842, 1.5900
24.7042, 1.6509
24.7242, 1.4047
24.7442, 0.9638
24.7642, 0.1450
24.7842, 2.0944
24.8042, 1.6534
24.8242, 0.5878
24.8442, 2.0129
24.8642, 1.6586
24.8843, 1.4940
24.9043, 0.0000
24.9243, 2.6277
24.9443, 0.7287
24.9643, 2.0136
24.9843, 1.1498
25.0043, 1.5656
25.0243, 3.0930
25.0443, 2.4778
25.0643, 3.0710
25.0843, 2.2784
25.1043, 2.3436
25.1243, 0.1855
25.1443, 1.6362
25.1643, 1.7280
25.1843, 3.1638
25.2043, 1.4492
25.2243, 2.2134
25.2444, 2.1747
25.2644, 3.0984
25.2844, 1.8184
25.3044, 2.7714
25.3244, 0.2611
25.3444, 0.3511
25.3644, 0.0000
25.3844, 2.7300
25.4044, 2.6186
25.4244, 2.8398
25.4444, 1.2795
25.4644, 1.3923
25.4844, 1.8309
25.5044, 3.3819
25.5244, 3.6298
25.5444, 2.7377
25.5644, 2.2790
25.5845, 3.2745
25.6045, 1.6973
25.6245, 1.5634
25.6445, 1.8230
25.6645, 0.9808
25.6845, 1.7774
25.7045, 0.8434
25.7245, 2.9669
25.7445, 2.4898
25.7645, 3.3679
25.7845, 0.3360
25.8045, 3.8358
25.8245, 0.3923
25.8445, 0.7632
25.8645, 1.3356
25.8845, 3.2471
25.9045, 2.1745
25.9245, 1.7092
25.9446, 1.1653
25.9646, 0.5871
25.9846, 3.0736
26.0046, 2.7425
26.0246, 3.2914
26.0446, 2.3442
26.0646, 0.0000
26.0846, 0.7173
26.1046, 2.4117
26.1246, 1.5845
26.1446, 1.3970
26.1646, 0.8574
26.1846, 2.8901
26.2046, 2.4031
26.2246, 2.4477
26.2446, 1.3229
26.2646, 2.1256
26.2847, 0.6250
26.3047, 1.8222
26.3247, 0.0000
26.3447, 0.3968
26.3647, 1.6324
26.3847, 4.3097
26.4047, 0.1857
26.4247, 0.7925
26.4447, 2.4169
26.4647, 4.4632
26.4847, 4.1968
26.5047, 7.5729
26.5247, 12.2094
26.5447, 21.7860
26.5647, 36.9106
26.5847, 54.7005
26.6047, 75.6795
26.6247, 89.4922
26.6448, 100.0000
26.6648, 96.5748
26.6848, 83.9529
26.7048, 64.1346
26.7248, 45.2062
26.7448, 30.5097
26.7648, 16.8698
26.7848, 9.6908
26.8048, 4.3680
26.8248, 3.2162
26.8448, 1.0455
26.8648, 2.1926
26.8848, 2.3582
26.9048, 2.2787
26.9248, 1.0575
26.9448, 1.6123
26.9648, 2.4834
26.9849, 1.7414
27.0049, 1.6661
27.0249, 3.8376
27.0449, 1.0083
27.0649, 3.0218
27.0849, 0.8064
27.1049, 2.5999
27.1249, 2.6528
27.1449, 1.4451
27.1649, 0.7442
27.1849, 0.0000
27.2049, 1.3412
27.2249, 2.4725
27.2449, 0.8828
27.2649, 2.0470
27.2849, 0.4875
27.3049, 1.7191
27.3249, 0.8140
27.3450, 1.8736
27.3650, 1.4543
27.3850, 0.7710
27.4050, 1.2979
27.4250, 1.0250
27.4450, 0.6486
27.4650, 3.0241
27.4850, 1.5939
27.5050, 0.0000
27.5250, 1.3331
27.5450, 2.8576
27.5650, 1.1963
27.5850, 3.4354
27.6050, 1.1018
27.6250, 2.4499
27.6450, 2.9784
27.6650, 2.3971
27.6851, 0.5885
27.7051, 1.0168
27.7251, 3.1107
27.7451, 1.1534
27.7651, 2.9180
27.7851, 1.5244
27.8051, 2.0911
27.8251, 0.5770
27.8451, 1.3480
27.8651, 1.0833
27.8851, 2.1745
27.9051, 2.0433
27.9251, 2.4095
27.9451, 1.4647
27.9651, 1.0289
27.9851, 2.1320
28.0051, 0.9304
28.0252, 3.0198
28.0452, 1.8374
28.0652, 1.6277
28.0852, 2.4090
28.1052, 1.8752
28.1252, 0.3075
28.1452, 0.8988
28.1652, 2.9993
28.1852, 2.0341
28.2052, 0.2842
28.2252, 2.2999
28.2452, 1.3966
28.2652, 1.0841
28.2852, 0.8161
28.3052, 2.9420
28.3252, 0.0028
28.3452, 1.1208
28.3652, 2.0700
28.3853, 3.5154
28.4053, 2.4999
28.4253, 1.1124
28.4453, 3.4668
28.4653, 0.6077
28.4853, 2.2139
28.5053, 2.4344
28.5253, 1.0776
28.5453, 2.6424
28.5653, 1.4416
28.5853, 2.6399
28.6053, 0.1275
28.6253, 2.2829
28.6453, 1.5424
28.6653, 3.0905
28.6853, 1.9073
28.7053, 3.1891
28.7254, 2.4540
28.7454, 1.8245
28.7654, 2.7316
28.7854, 2.7380
28.8054, 2.4187
28.8254, 0.0000
28.8454, 0.9770
28.8654, 3.3228
28.8854, 0.7060
28.9054, 2.8256
28.9254, 2.6511
28.9454, 1.2316
28.9654, 0.0000
28.9854, 1.3870
29.0054, 4.0106
29.0254, 1.0953
29.0454, 1.1637
29.0654, 0.9621
29.0855, 3.1550
29.1055, 1.7101
29.1255, 1.3305
29.1455, 3.3519
29.1655, 2.5253
29.1855, 1.0397
29.2055, 0.7381
29.2255, 3.0989
29.2455, 1.9676
29.2655, 0.4155
29.2855, 0.1835
29.3055, 0.8447
29.3255, 0.7224
29.3455, 0.0000
29.3655, 0.8611
29.3855, 1.0399
29.4055, 1.4923
29.4256, 3.6289
29.4456, 1.6864
29.4656, 1.7848
29.4856, 2.4557
29.5056, 1.7157
29.5256, 2.3475
29.5456, 2.2291
29.5656, 2.0724
29.5856, 4.6930
29.6056, 2.8540
29.6256, 0.8787
29.6456, 2.3179
29.6656, 1.1662
29.6856, 2.3932
29.7056, 0.5879
29.7256, 0.8529
29.7456, 2.2918
29.7656, 2.9398
29.7857, 2.4491
29.8057, 2.7975
29.8257, 2.3214
29.8457, 2.1219
29.8657, 1.4517
29.8857, 2.7567
29.9057, 2.9668
29.9257, 1.8884
29.9457, 1.8350
29.9657, 3.5283
29.9857, 1.9307
30.0057, 2.0259
30.0257, 2.4309
30.0457, 1.8540
30.0657, 1.1378
30.0857, 2.3255
30.1057, 1.9125
30.1258, 3.7769
30.1458, 2.7324
30.1658, 1.3607
30.1858, 2.6735
30.2058, 2.2561
30.2258, 3.2488
30.2458, 1.4311
30.2658, 2.1379
30.2858, 1.8527
30.3058, 2.0089
30.3258, 1.0735
30.3458, 2.5217
30.3658, 2.3652
30.3858, 3.2248
30.4058, 1.9410
30.4258, 1.5427
30.4458, 2.7332
30.4658, 1.1637
30.4859, 3.0263
30.5059, 3.0242
30.5259, 3.1971
30.5459, 2.3242
30.5659, 1.4687
30.5859, 2.0591
30.6059, 2.3276
30.6259, 1.3957
30.6459, 3.2723
30.6659, 2.5259
30.6859, 1.0666
30.7059, 3.8172
30.7259, 2.0474
30.7459, 0.8665
30.7659, 1.1280
30.7859, 3.4256
30.8059, 3.7598
30.8260, 2.9515
30.8460, 3.2586
30.8660, 3.1568
30.8860, 2.5029
30.9060, 2.2771
30.9260, 2.4860
30.9460, 2.6804
30.9660, 1.2159
30.9860, 2.6764
31.0060, 3.3967
31.0260, 1.7464
31.0460, 1.6404
31.0660, 2.4233
31.0860, 1.3070
31.1060, 0.6457
31.1260, 3.0885
31.1460, 1.5039
31.1660, 1.9692
31.1861, 1.3462
31.2061, 3.2164
31.2261, 2.7966
31.2461, 1.7123
31.2661, 0.7814
31.2861, 1.6070
31.3061, 2.5160
31.3261, 2.1379
31.3461, 2.0590
31.3661, 2.1607
31.3861, 2.7030
31.4061, 1.9094
31.4261, 2.3970
31.4461, 0.9727
31.4661, 4.4822
31.4861, 1.6696
31.5061, 2.1527
31.5262, 2.5124
31.5462, 1.5437
31.5662, 1.9587
31.5862, 1.9466
31.6062, 1.0449
31.6262, 2.3856
31.6462, 0.3162
31.6662, 3.6882
31.6862, 2.7369
31.7062, 2.5844
31.7262, 0.2296
31.7462, 1.1654
31.7662, 3.3280
31.7862, 6.0655
31.8062, 3.1351
31.8262, 2.9787
31.8462, 2.4713
31.8662, 1.1109
31.8863, 2.9373
31.9063, 0.8594
31.9263, 0.7510
31.9463, 0.6886
31.9663, 2.9180
31.9863, 1.8940
32.0063, 2.0509
32.0263, 1.9356
32.0463, 0.8351
32.0663, 1.2861
32.0863, 1.3360
32.1063, 0.5580
32.1263, 1.4512
32.1463, 0.8791
32.1663, 2.5235
32.1863, 2.6061
32.2063, 0.6687
32.2264, 1.6569
32.2464, 3.7906
32.2664, 0.9788
32.2864, 2.3738
32.3064, 2.0555
32.3264, 3.0342
32.3464, 2.2438
32.3664, 1.5234
32.3864, 2.0171
32.4064, 2.0316
32.4264, 1.8600
32.4464, 0.6434
32.4664, 3.1830
32.4864, 3.0079
32.5064, 0.9159
32.5264, 1.6528
32.5464, 1.7278
32.5664, 0.8046
32.5865, 0.1006
32.6065, 1.2862
32.6265, 1.5977
32.6465, 0.5224
32.6665, 2.1263
32.6865, 3.1035
32.7065, 2.7856
32.7265, 1.8253
32.7465, 0.1267
32.7665, 2.6603
32.7865, 2.0960
32.8065, 2.3715
32.8265, 3.8699
32.8465, 1.1334
32.8665, 0.0000
32.8865, 0.9068
32.9065, 2.4327
32.9266, 1.9776
32.9466, 0.7460
32.9666, 0.5437
32.9866, 1.5994
33.0066, 0.7158
33.0266, 2.4670
33.0466, 1.5431
33.0666, 1.3293
33.0866, 1.1993
33.1066, 2.2117
33.1266, 1.9931
33.1466, 2.1511
33.1666, 2.1295
33.1866, 1.8794
33.2066, 0.9269
33.2266, 1.2270
33.2466, 1.5597
33.2666, 3.9979
33.2867, 0.6140
33.3067, 1.5356
33.3267, 2.0483
33.3467, 1.6503
33.3667, 3.0154
33.3867, 1.6451
33.4067, 1.7184
33.4267, 2.7584
33.4467, 3.7457
33.4667, 3.3460
33.4867, 1.8155
33.5067, 1.9018
33.5267, 1.9972
33.5467, 2.0966
33.5667, 1.1110
33.5867, 2.8792
33.6067, 2.1557
33.6268, 1.9065
33.6468, 0.6910
33.6668, 2.0127
33.6868, 0.0744
33.7068, 1.3744
33.7268, 1.3928
33.7468, 2.2354
33.7668, 3.8142
33.7868, 2.5178
33.8068, 3.3865
33.8268, 2.5904
33.8468, 3.0660
33.8668, 3.7917
33.8868, 1.2255
33.9068, 1.1608
33.9268, 2.6138
33.9468, 1.9473
33.9668, 2.1693
33.9869, 1.7044
34.0069, 1.3599
34.0269, 3.5574
34.0469, 0.8608
34.0669, 2.6313
34.0869, 2.4705
34.1069, 0.3858
34.1269, 1.1275
34.1469, 1.2941
34.1669, 2.5105
34.1869, 1.5871
34.2069, 1.8661
34.2269, 0.5061
34.2469, 4.2563
34.2669, 2.0215
34.2869, 2.4455
34.3069, 1.4151
34.3270, 1.3040
34.3470, 3.8467
34.3670, 0.0511
34.3870, 2.2271
34.4070, 0.7501
34.4270, 1.5495
34.4470, 1.3184
34.4670, 0.9736
34.4870, 1.9860
34.5070, 0.0000
34.5270, 1.6382
34.5470, 1.8614
34.5670, 0.6036
34.5870, 3.4508
34.6070, 1.3617
34.6270, 1.7155
34.6470, 1.3639
34.6670, 1.8701
34.6871, 3.2475
34.7071, 4.4021
34.7271, 2.6900
34.7471, 3.0293
34.7671, 3.6522
34.7871, 2.1976
34.8071, 3.5073
34.8271, 2.7363
34.8471, 2.0936
34.8671, 2.2982
34.8871, 0.1456
34.9071, 2.2405
34.9271, 0.4208
34.9471, 0.3400
34.9671, 2.1421
34.9871, 0.8467
35.0071, 1.9439
35.0272, 2.0881
35.0472, 2.1323
35.0672, 1.0548
35.0872, 2.8417
35.1072, 1.8625
35.1272, 2.3881
35.1472, 0.7650
35.1672, 1.7742
35.1872, 3.0385
35.2072, 2.9125
35.2272, 1.1607
35.2472, 1.4102
35.2672, 0.9709
35.2872, 1.3003
35.3072, 0.5642
35.3272, 1.8140
35.3472, 2.5785
35.3672, 1.1728
35.3873, 1.8611
35.4073, 1.7324
35.4273, 2.9967
35.4473, 1.3447
35.4673, 1.3808
35.4873, 1.1124
35.5073, 0.8234
35.5273, 2.4754
35.5473, 1.8170
35.5673, 2.0052
35.5873, 3.2143
35.6073, 3.2712
35.6273, 0.3192
35.6473, 2.5930
35.6673, 2.1746
35.6873, 1.4934
35.7073, 2.2757
35.7274, 0.2398
35.7474, 3.4007
35.7674, 2.4613
35.7874, 1.0933
35.8074, 1.3707
35.8274, 0.2628
35.8474, 1.6397
35.8674, 1.4724
35.8874, 0.6375
35.9074, 2.7208
35.9274, 3.2164
35.9474, 1.9238
35.9674, 1.6480
35.9874, 2.3821
36.0074, 1.9314
36.0274, 0.8783
36.0474, 1.3040
36.0674, 1.6571
36.0875, 2.1969
36.1075, 1.9602
36.1275, 2.1594
36.1475, 0.4395
36.1675, 2.6103
36.1875, 1.9543
36.2075, 4.4811
36.2275, 1.5667
36.2475, 2.2716
36.2675, 4.7554
36.2875, 2.1442
36.3075, 1.8876
36.3275, 0.9858
36.3475, 3.5070
36.3675, 0.9182
36.3875, 2.6656
36.4075, 2.1339
36.4276, 3.0679
36.4476, 2.8692
36.4676, 6.9970
36.4876, 6.9650
36.5076, 7.4717
36.5276, 10.8278
36.5476, 9.1916
36.5676, 9.2896
36.5876, 8.4489
36.6076, 6.5091
36.6276, 2.4087
36.6476, 4.1567
36.6676, 2.6306
36.6876, 1.9824
36.7076, 1.9894
36.7276, 0.4087
36.7476, 2.1589
36.7676, 0.6037
36.7877, 1.6689
36.8077, 2.1061
36.8277, 3.0155
36.8477, 1.1385
36.8677, 3.3897
36.8877, 2.8894
36.9077, 1.5253
36.9277, 0.8519
36.9477, 0.5198
36.9677, 2.2203
36.9877, 1.2201
37.0077, 3.1397
37.0277, 1.2774
37.0477, 1.0582
37.0677, 2.1825
37.0877, 1.2709
37.1077, 1.9594
37.1278, 2.9282
37.1478, 2.0671
37.1678, 2.0708
37.1878, 2.1543
37.2078, 0.2728
37.2278, 2.3393
37.2478, 2.1094
37.2678, 2.8359
37.2878, 2.5514
37.3078, 1.7507
37.3278, 2.9742
37.3478, 1.6609
37.3678, 2.1959
37.3878, 1.6425
37.4078, 2.4086
37.4278, 1.5777
37.4478, 3.5839
37.4678, 3.9505
37.4879, 2.8171
37.5079, 3.4786
37.5279, 0.4253
37.5479, 0.5421
37.5679, 1.6322
37.5879, 1.9918
37.6079, 1.7545
37.6279, 0.3233
37.6479, 3.0923
37.6679, 4.0861
37.6879, 3.2206
37.7079, 3.0269
37.7279, 2.1750
37.7479, 1.1154
37.7679, 2.0228
37.7879, 4.0379
37.8079, 1.6020
37.8280, 1.5000
37.8480, 3.0485
37.8680, 3.1142
37.8880, 1.1105
37.9080, 1.6917
37.9280, 1.4534
37.9480, 2.0200
37.9680, 3.0449
37.9880, 1.1540
38.0080, 3.0310
38.0280, 2.0517
38.0480, 4.2566
38.0680, 2.2669
38.0880, 1.8549
38.1080, 2.5206
38.1280, 1.6167
38.1480, 0.1715
38.1680, 1.7125
38.1881, 1.6969
38.2081, 0.3726
38.2281, 1.8785
38.2481, 0.0000
38.2681, 1.6063
38.2881, 2.1924
38.3081, 2.0471
38.3281, 1.5435
38.3481, 1.8661
38.3681, 1.1738
38.3881, 1.9616
38.4081, 2.0085
38.4281, 1.0586
38.4481, 2.2163
38.4681, 2.2101
38.4881, 1.7862
38.5081, 4.3506
38.5282, 1.8115
38.5482, 1.6741
38.5682, 1.5322
38.5882, 0.9885
38.6082, 2.6308
38.6282, 1.2707
38.6482, 1.3880
38.6682, 1.4174
38.6882, 0.9747
38.7082, 0.2153
38.7282, 1.4921
38.7482, 2.8165
38.7682, 2.1462
38.7882, 3.4977
38.8082, 2.6952
38.8282, 2.4703
38.8482, 3.8170
38.8682, 1.8546
38.8883, 2.0134
38.9083, 1.9396
38.9283, 3.4811
38.9483, 1.9534
38.9683, 1.3084
38.9883, 2.5334
39.0083, 1.1419
39.0283, 2.4797
39.0483, 2.3611
39.0683, 1.7632
39.0883, 2.5117
39.1083, 0.4762
39.1283, 2.1124
39.1483, 1.4922
39.1683, 4.7879
39.1883, 2.1055
39.2083, 1.3602
39.2284, 0.5865
39.2484, 3.2514
39.2684, 1.6257
39.2884, 1.2308
39.3084, 2.4539
39.3284, 2.9950
39.3484, 3.4220
39.3684, 3.5555
39.3884, 4.7707
39.4084, 6.1731
39.4284, 7.6304
39.4484, 8.7647
39.4684, 9.8615
39.4884, 8.5149
39.5084, 6.6821
39.5284, 6.0202
39.5484, 5.5576
39.5684, 1.9135
39.5885, 1.1241
39.6085, 3.3146
39.6285, 3.6533
39.6485, 0.7723
39.6685, 2.0764
39.6885, 1.5629
39.7085, 1.6946
39.7285, 2.2543
39.7485, 0.6696
39.7685, 0.8535
39.7885, 1.6523
39.8085, 1.8068
39.8285, 0.8349
39.8485, 2.7336
39.8685, 1.5370
39.8885, 1.5328
39.9085, 2.2311
39.9286, 1.8231
39.9486, 2.7810
39.9686, 1.0257
39.9886, 0.5659
40.0086, 1.6439
40.0286, 2.0110
40.0486, 0.7226
40.0686, 0.5811
40.0886, 2.1505
40.1086, 1.2555
40.1286, 0.6582
40.1486, 3.2539
40.1686, 2.0529
40.1886, 4.4584
40.2086, 4.2732
40.2286, 5.6789
40.2486, 6.3362
40.2686, 4.8064
40.2887, 6.6754
40.3087, 7.3978
40.3287, 7.0496
40.3487, 3.7736
40.3687, 4.3361
40.3887, 2.3146
40.4087, 2.9814
40.4287, 2.3168
40.4487, 2.8539
40.4687, 3.0722
40.4887, 2.4278
40.5087, 2.8105
40.5287, 1.6055
40.5487, 4.7496
40.5687, 0.7429
40.5887, 1.4278
40.6087, 2.8443
40.6288, 2.6970
40.6488, 2.4340
40.6688, 2.6203
40.6888, 0.0000
40.7088, 3.5262
40.7288, 1.7488
40.7488, 3.1858
40.7688, 0.0000
40.7888, 2.2052
40.8088, 1.3924
40.8288, 2.5180
40.8488, 2.2652
40.8688, 2.3137
40.8888, 0.9013
40.9088, 1.8944
40.9288, 1.7723
40.9488, 2.4419
40.9688, 2.9315
40.9889, 2.1001
41.0089, 0.6860
41.0289, 2.0575
41.0489, 4.5390
41.0689, 3.5824
41.0889, 0.0000
41.1089, 2.0137
41.1289, 2.8748
41.1489, 1.7702
41.1689, 1.4949
41.1889, 1.6863
41.2089, 2.4982
41.2289, 0.8126
41.2489, 3.1291
41.2689, 1.8954
41.2889, 1.0241
41.3089, 3.0653
41.3290, 0.4194
41.3490, 1.4006
41.3690, 1.3843
41.3890, 4.0759
41.4090, 1.2719
41.4290, 0.0000
41.4490, 1.3742
41.4690, 2.4024
41.4890, 2.7281
41.5090, 4.2074
41.5290, 3.3454
41.5490, 2.1372
41.5690, 1.0674
41.5890, 3.5606
41.6090, 1.5856
41.6290, 1.2986
41.6490, 1.5375
41.6690, 0.7097
41.6891, 1.4900
41.7091, 1.7199
41.7291, 2.6751
41.7491, 1.5662
41.7691, 0.6946
41.7891, 0.3613
41.8091, 2.1586
41.8291, 2.0229
41.8491, 1.4015
41.8691, 1.4876
41.8891, 2.3360
41.9091, 3.3292
41.9291, 1.1777
41.9491, 2.0390
41.9691, 2.9007
41.9891, 1.1816
42.0091, 1.9354
42.0292, 1.9133
42.0492, 0.6512
42.0692, 2.1179
42.0892, 1.9822
42.1092, 2.5011
42.1292, 0.7745
42.1492, 1.9608
42.1692, 3.3206
42.1892, 4.0106
42.2092, 3.2219
42.2292, 0.7921
42.2492, 2.4240
42.2692, 1.5487
42.2892, 2.4338
42.3092, 1.6586
42.3292, 1.2442
42.3492, 3.4656
42.3692, 5.7696
42.3893, 6.8666
42.4093, 8.5210
42.4293, 9.5086
42.4493, 10.1549
42.4693, 9.8798
42.4893, 7.9520
42.5093, 6.7793
42.5293, 6.8853
42.5493, 4.0260
42.5693, 3.0351
42.5893, 2.5541
42.6093, 1.9502
42.6293, 1.6020
42.6493, 2.1860
42.6693, 1.4583
42.6893, 1.8090
42.7093, 1.1679
42.7294, 2.0581
42.7494, 2.5300
42.7694, 1.7409
42.7894, 0.0000
42.8094, 2.5361
42.8294, 2.0700
42.8494, 0.9664
42.8694, 2.7174
42.8894, 0.5648
42.9094, 2.9871
42.9294, 1.8941
42.9494, 0.0000
42.9694, 2.1277
42.9894, 1.5483
43.0094, 1.3990
43.0294, 1.2197
43.0494, 1.8248
43.0694, 1.4700
43.0895, 0.1106
43.1095, 3.2118
43.1295, 1.7087
43.1495, 1.2254
43.1695, 0.8324
43.1895, 2.7148
43.2095, 0.6639
43.2295, 2.0837
43.2495, 1.3724
43.2695, 1.4301
43.2895, 0.8571
43.3095, 1.3361
43.3295, 1.9596
43.3495, 2.1842
43.3695, 1.1723
43.3895, 1.8608
43.4095, 2.8315
43.4296, 0.3030
43.4496, 1.9447
43.4696, 1.0085
43.4896, 0.9075
43.5096, 2.2096
43.5296, 1.4105
43.5496, 0.7448
43.5696, 3.2635
43.5896, 2.8629
43.6096, 0.0357
43.6296, 0.4895
43.6496, 2.5391
43.6696, 1.6686
43.6896, 3.4383
43.7096, 2.5618
43.7296, 2.2477
43.7496, 0.9381
43.7696, 2.4380
43.7897, 0.6864
43.8097, 3.2446
43.8297, 2.3693
43.8497, 1.1334
43.8697, 2.7485
43.8897, 4.1727
43.9097, 1.7352
43.9297, 2.4965
43.9497, 1.5229
43.9697, 2.0355
43.9897, 0.4570
44.0097, 1.9504
44.0297, 1.9941
44.0497, 3.7340
44.0697, 0.1717
44.0897, 1.6725
44.1097, 3.2277
44.1298, 1.7113
44.1498, 1.7811
44.1698, 1.1250
44.1898, 1.0265
44.2098, 0.1412
44.2298, 1.3272
44.2498, 0.9703
44.2698, 2.0679
44.2898, 1.1702
44.3098, 1.4756
44.3298, 1.5027
44.3498, 1.9032
44.3698, 1.4271
44.3898, 0.8985
44.4098, 2.0359
44.4298, 3.0090
44.4498, 2.0782
44.4698, 1.3465
44.4899, 1.8289
44.5099, 0.0000
44.5299, 1.8127
44.5499, 1.5541
44.5699, 1.0257
44.5899, 1.2055
44.6099, 1.5443
44.6299, 2.9346
44.6499, 3.0333
44.6699, 1.0310
44.6899, 1.4374
44.7099, 1.4627
44.7299, 2.7533
44.7499, 2.0951
44.7699, 2.0429
44.7899, 2.4824
44.8099, 1.3598
44.8300, 3.3028
44.8500, 1.9492
44.8700, 1.1026
44.8900, 1.7233
44.9100, 3.1720
44.9300, 1.5295
44.9500, 2.8921
44.9700, 1.3311
44.9900, 1.1920
45.0100, 2.6047
45.0300, 1.0847
45.0500, 2.7662
45.0700, 2.2994
45.0900, 1.0850
45.1100, 1.8801
45.1300, 1.4070
45.1500, 2.2968
45.1700, 3.8221
45.1901, 1.5835
45.2101, 2.4800
45.2301, 1.9751
45.2501, 1.9748
45.2701, 1.7872
45.2901, 1.1011
45.3101, 2.2831
45.3301, 1.6647
45.3501, 1.0541
45.3701, 2.9561
45.3901, 2.0491
45.4101, 1.7248
45.4301, 3.2791
45.4501, 0.1310
45.4701, 3.2125
45.4901, 1.0785
45.5101, 2.1606
45.5302, 1.3683
45.5502, 1.0372
45.5702, 3.2574
45.5902, 3.8045
45.6102, 1.7719
45.6302, 2.3887
45.6502, 2.2531
45.6702, 4.1784
45.6902, 0.8100
45.7102, 3.9099
45.7302, 3.5833
45.7502, 2.7348
45.7702, 5.2853
45.7902, 7.6845
45.8102, 4.9830
45.8302, 5.8379
45.8502, 5.4742
45.8702, 3.5074
45.8903, 3.0118
45.9103, 0.7542
45.9303, 1.4824
45.9503, 2.9530
45.9703, 2.0504
45.9903, 2.3284
46.0103, 2.0870
46.0303, 4.1247
46.0503, 1.5245
46.0703, 3.5422
46.0903, 2.0833
46.1103, 3.6302
46.1303, 0.7367
46.1503, 2.1339
46.1703, 1.5607
46.1903, 2.0892
46.2103, 3.1625
46.2304, 2.3264
46.2504, 3.1605
46.2704, 1.2866
46.2904, 1.1353
46.3104, 1.9669
46.3304, 1.9126
46.3504, 1.7667
46.3704, 1.0007
46.3904, 3.1390
46.4104, 1.5913
46.4304, 3.3644
46.4504, 1.9635
46.4704, 2.5936
46.4904, 2.5037
46.5104, 1.1339
46.5304, 2.3149
46.5504, 3.8622
46.5704, 2.2003
46.5905, 2.8442
46.6105, 2.6381
46.6305, 2.2553
46.6505, 2.1357
46.6705, 2.4934
46.6905, 2.7075
46.7105, 0.6107
46.7305, 2.1960
46.7505, 1.7685
46.7705, 1.5628
46.7905, 3.2354
46.8105, 1.2242
46.8305, 0.5684
46.8505, 2.7396
46.8705, 0.5431
46.8905, 0.0400
46.9105, 2.8512
46.9306, 2.1082
46.9506, 2.4195
46.9706, 1.5124
46.9906, 0.5787
47.0106, 0.7756
47.0306, 1.6811
47.0506, 0.6897
47.0706, 2.2553
47.0906, 1.4925
47.1106, 2.1343
47.1306, 2.1047
47.1506, 2.3343
47.1706, 2.4460
47.1906, 1.6100
47.2106, 2.1333
47.2306, 2.1848
47.2506, 0.0000
47.2706, 2.5917
47.2907, 2.0995
47.3107, 2.5100
47.3307, 0.6754
47.3507, 1.6379
47.3707, 0.8690
47.3907, 2.6889
47.4107, 0.5582
47.4307, 1.0305
47.4507, 2.4805
47.4707, 1.3271
47.4907, 1.0307
47.5107, 2.8496
47.5307, 2.8903
47.5507, 2.6666
47.5707, 2.7921
47.5907, 1.7214
47.6107, 1.7481
47.6308, 1.3085
47.6508, 2.1172
47.6708, 1.4277
47.6908, 1.5217
47.7108, 2.5455
47.7308, 3.1250
47.7508, 2.3457
47.7708, 3.7294
47.7908, 1.2516
47.8108, 0.1292
47.8308, 2.6592
47.8508, 1.1859
47.8708, 1.6796
47.8908, 0.1967
47.9108, 1.0596
47.9308, 0.4619
47.9508, 1.5204
47.9708, 1.5598
47.9909, 2.0401
48.0109, 3.1797
48.0309, 2.6218
48.0509, 0.3431
48.0709, 2.5536
48.0909, 2.0617
48.1109, 1.8540
48.1309, 1.9284
48.1509, 2.1537
48.1709, 1.2651
48.1909, 1.7702
48.2109, 3.1244
48.2309, 1.2532
48.2509, 0.9301
48.2709, 1.8898
48.2909, 0.8303
48.3109, 0.2433
48.3310, 1.6095
48.3510, 3.3868
48.3710, 1.9127
48.3910, 2.1279
48.4110, 0.0000
48.4310, 2.3852
48.4510, 2.0435
48.4710, 1.2919
48.4910, 2.1294
48.5110, 2.1195
48.5310, 0.9008
48.5510, 2.2798
48.5710, 3.1375
48.5910, 1.7250
48.6110, 1.0910
48.6310, 1.7749
48.6510, 2.7980
48.6710, 0.7354
48.6911, 2.5244
48.7111, 1.2789
48.7311, 2.1908
48.7511, 1.3916
48.7711, 1.3889
48.7911, 3.4606
48.8111, 0.5543
48.8311, 2.4320
48.8511, 3.6670
48.8711, 2.6304
48.8911, 0.6316
48.9111, 0.6806
48.9311, 1.2059
48.9511, 2.1074
48.9711, 2.1749
48.9911, 0.6904
49.0111, 1.0859
49.0312, 1.1466
49.0512, 1.7718
49.0712, 3.9181
49.0912, 1.0260
49.1112, 0.9826
49.1312, 0.8278
49.1512, 2.5809
49.1712, 1.9099
49.1912, 1.0626
49.2112, 1.5913
49.2312, 1.1664
49.2512, 2.2442
49.2712, 4.6116
49.2912, 2.4969
49.3112, 1.8587
49.3312, 1.2918
49.3512, 0.6194
49.3712, 2.6781
49.3913, 2.6243
49.4113, 1.4889
49.4313, 3.1535
49.4513, 1.9718
49.4713, 2.7188
49.4913, 2.2445
49.5113, 1.7753
49.5313, 1.0045
49.5513, 1.8067
49.5713, 2.7855
49.5913, 1.4473
49.6113, 2.3868
49.6313, 0.8777
49.6513, 2.7241
49.6713, 2.2611
49.6913, 0.7594
49.7113, 1.7289
49.7314, 2.8741
49.7514, 0.7030
49.7714, 0.8894
49.7914, 1.8820
49.8114, 4.0654
49.8314, 1.2843
49.8514, 2.4419
49.8714, 2.2092
49.8914, 1.3686
49.9114, 2.1184
49.9314, 1.5340
49.9514, 1.6791
49.9714, 0.5319
49.9914, 2.4852
50.0114, 4.0658
50.0314, 4.4017
50.0514, 7.2137
50.0714, 9.0493
50.0915, 10.9779
50.1115, 12.6294
50.1315, 14.0199
50.1515, 12.9404
50.1715, 12.7087
50.1915, 10.8117
50.2115, 9.8056
50.2315, 6.3549
50.2515, 3.2784
50.2715, 1.6226
50.2915, 2.2392
50.3115, 2.9532
50.3315, 1.8030
50.3515, 2.5107
50.3715, 1.7778
50.3915, 2.6632
50.4115, 0.3681
50.4316, 3.5410
50.4516, 0.8483
50.4716, 2.7376
50.4916, 1.6811
50.5116, 1.8361
50.5316, 1.7119
50.5516, 2.2043
50.5716, 2.4044
50.5916, 2.9999
50.6116, 3.3464
50.6316, 2.2798
50.6516, 3.6495
50.6716, 2.0431
50.6916, 3.0189
50.7116, 2.3759
50.7316, 1.4066
50.7516, 2.1305
50.7716, 2.4496
50.7917, 1.9190
50.8117, 2.3601
50.8317, 2.8086
50.8517, 1.9277
50.8717, 0.0000
50.8917, 3.6144
50.9117, 1.6559
50.9317, 1.1349
50.9517, 0.8367
50.9717, 1.6174
50.9917, 1.3931
51.0117, 1.2204
51.0317, 1.2748
51.0517, 2.4760
51.0717, 3.9634
51.0917, 2.7642
51.1117, 3.0636
51.1318, 1.5768
51.1518, 2.0547
51.1718, 2.3736
51.1918, 1.2972
51.2118, 1.5289
51.2318, 2.7979
51.2518, 3.0316
51.2718, 2.0177
51.2918, 0.7663
51.3118, 1.6579
51.3318, 0.5223
51.3518, 2.0255
51.3718, 2.2041
51.3918, 1.6826
51.4118, 2.1905
51.4318, 2.3641
51.4518, 2.2055
51.4718, 0.7600
51.4919, 1.6999
51.5119, 2.3571
51.5319, 3.5157
51.5519, 1.6814
51.5719, 2.4969
51.5919, 2.8213
51.6119, 1.7560
51.6319, 3.0892
51.6519, 3.1425
51.6719, 3.3191
51.6919, 2.4053
51.7119, 4.2902
51.7319, 1.3411
51.7519, 4.0563
51.7719, 2.7124
51.7919, 3.2795
51.8119, 1.6337
51.8320, 2.7879
51.8520, 3.3653
51.8720, 0.8731
51.8920, 1.7890
51.9120, 0.0000
51.9320, 1.7742
51.9520, 1.1421
51.9720, 1.7351
51.9920, 4.8488
52.0120, 3.6536
52.0320, 0.5242
52.0520, 2.5018
52.0720, 2.7428
52.0920, 1.6160
52.1120, 2.1276
52.1320, 2.2245
52.1520, 0.6162
52.1720, 0.9287
52.1921, 2.1217
52.2121, 2.0494
52.2321, 1.2486
52.2521, 1.1635
52.2721, 1.8619
52.2921, 2.8292
52.3121, 1.8751
52.3321, 3.5593
52.3521, 1.2612
52.3721, 2.1423
52.3921, 1.5997
52.4121, 2.5337
52.4321, 1.1762
52.4521, 3.8613
52.4721, 0.2752
52.4921, 3.6513
52.5121, 2.0401
52.5322, 2.4985
52.5522, 3.2737
52.5722, 2.8010
52.5922, 1.2273
52.6122, 2.5457
52.6322, 3.8019
52.6522, 1.0714
52.6722, 4.0507
52.6922, 2.3332
52.7122, 1.5215
52.7322, 1.0655
52.7522, 1.7296
52.7722, 0.0129
52.7922, 1.5393
52.8122, 1.6903
52.8322, 0.8860
52.8522, 2.6922
52.8722, 1.7341
52.8923, 1.3207
52.9123, 1.6285
52.9323, 2.3029
52.9523, 2.0235
52.9723, 1.2561
52.9923, 2.0755
53.0123, 1.9007
53.0323, 0.8215
53.0523, 1.6650
53.0723, 2.5251
53.0923, 2.5180
53.1123, 1.7230
53.1323, 2.6217
53.1523, 0.9796
53.1723, 1.0103
53.1923, 1.7019
53.2123, 3.4353
53.2324, 2.1127
53.2524, 1.6780
53.2724, 3.4814
53.2924, 1.6665
53.3124, 4.1659
53.3324, 1.4441
53.3524, 0.9481
53.3724, 1.7860
53.3924, 1.7040
53.4124, 1.1503
53.4324, 4.5299
53.4524, 2.2667
53.4724, 2.4111
53.4924, 1.4931
53.5124, 1.3783
53.5324, 2.9674
53.5524, 0.2899
53.5724, 0.8181
53.5925, 1.7058
53.6125, 3.2900
53.6325, 1.5797
53.6525, 2.3634
53.6725, 1.9784
53.6925, 3.2357
53.7125, 0.3802
53.7325, 2.6804
53.7525, 1.7538
53.7725, 2.8676
53.7925, 1.1389
53.8125, 1.9751
53.8325, 1.8493
53.8525, 0.9573
53.8725, 0.6818
53.8925, 1.3756
53.9125, 2.0797
53.9326, 1.2007
53.9526, 1.6238
53.9726, 0.0818
53.9926, 1.5835
54.0126, 2.9655
54.0326, 2.6499
54.0526, 1.8648
54.0726, 2.1924
54.0926, 1.1300
54.1126, 3.5610
54.1326, 4.0004
54.1526, 2.1143
54.1726, 4.5187
54.1926, 1.2767
54.2126, 0.7109
54.2326, 1.2476
54.2526, 1.7334
54.2726, 4.2426
54.2927, 1.6722
54.3127, 1.0988
54.3327, 1.0604
54.3527, 3.0809
54.3727, 2.9394
54.3927, 1.4697
54.4127, 0.0917
54.4327, 0.8323
54.4527, 3.6570
54.4727, 2.6336
54.4927, 2.0158
54.5127, 3.8033
54.5327, 3.8920
54.5527, 1.9153
54.5727, 1.9335
54.5927, 1.3741
54.6127, 1.6692
54.6328, 0.4791
54.6528, 0.4786
54.6728, 0.2594
54.6928, 3.0716
54.7128, 0.5215
54.7328, 4.1556
54.7528, 1.7857
54.7728, 4.6980
54.7928, 3.2683
54.8128, 2.8549
54.8328, 6.4318
54.8528, 7.0826
54.8728, 4.9503
54.8928, 5.2468
54.9128, 4.0631
54.9328, 4.0634
54.9528, 3.5357
54.9728, 2.4765
54.9929, 0.6094
55.0129, 1.5927
55.0329, 2.7398
55.0529, 1.7784
55.0729, 1.6383
55.0929, 1.0332
55.1129, 1.3521
55.1329, 3.3637
55.1529, 0.8674
55.1729, 2.7843
55.1929, 2.2709
55.2129, 2.7548
55.2329, 2.2538
55.2529, 3.2863
55.2729, 4.4068
55.2929, 4.6477
55.3129, 6.0240
55.3330, 6.3013
55.3530, 7.7260
55.3730, 5.2318
55.3930, 2.2823
55.4130, 4.5770
55.4330, 2.6193
55.4530, 4.4043
55.4730, 3.6252
55.4930, 1.5411
55.5130, 2.7006
55.5330, 1.3737
55.5530, 1.9570
55.5730, 2.6219
55.5930, 3.0543
55.6130, 2.8383
55.6330, 2.0253
55.6530, 4.4124
55.6730, 1.5891
55.6931, 0.3579
55.7131, 0.5487
55.7331, 3.4119
55.7531, 1.8749
55.7731, 2.1086
55.7931, 1.4132
55.8131, 1.5022
55.8331, 1.1708
55.8531, 2.4179
55.8731, 1.8544
55.8931, 2.3821
55.9131, 2.2874
55.9331, 1.5288
55.9531, 0.5051
55.9731, 0.4188
55.9931, 4.9509
56.0131, 3.4160
56.0332, 3.2793
56.0532, 1.2823
56.0732, 1.9603
56.0932, 1.1427
56.1132, 0.6504
56.1332, 1.3673
56.1532, 3.2654
56.1732, 2.7842
56.1932, 0.9894
56.2132, 1.6389
56.2332, 2.6934
56.2532, 1.3850
56.2732, 2.0298
56.2932, 2.3492
56.3132, 2.3384
56.3332, 2.2028
56.3532, 1.3030
56.3732, 1.4048
56.3933, 0.8273
56.4133, 0.4034
56.4333, 1.8372
56.4533, 2.7600
56.4733, 0.5828
56.4933, 2.2215
56.5133, 2.7286
56.5333, 0.1304
56.5533, 1.6827
56.5733, 3.5826
56.5933, 2.4980
56.6133, 0.0970
56.6333, 2.6034
56.6533, 1.2098
56.6733, 2.6361
56.6933, 1.2669
56.7133, 1.8983
56.7334, 1.4181
56.7534, 1.9540
56.7734, 1.3886
56.7934, 1.7293
56.8134, 0.7857
56.8334, 2.4372
56.8534, 2.1247
56.8734, 0.3486
56.8934, 2.9351
56.9134, 1.7762
56.9334, 2.1112
56.9534, 2.7087
56.9734, 2.2763
56.9934, 3.1058
57.0134, 1.6602
57.0334, 2.9762
57.0534, 2.0728
57.0734, 2.4541
57.0935, 2.3510
57.1135, 3.1807
57.1335, 2.6660
57.1535, 1.5119
57.1735, 1.3153
57.1935, 1.9016
57.2135, 1.1975
57.2335, 0.9080
57.2535, 0.0000
57.2735, 0.4153
57.2935, 3.9188
57.3135, 1.3002
57.3335, 3.8376
57.3535, 2.3505
57.3735, 1.9016
57.3935, 0.4635
57.4135, 1.9555
57.4336, 3.8264
57.4536, 3.4948
57.4736, 2.2227
57.4936, 0.8124
57.5136, 1.0022
57.5336, 1.1058
57.5536, 3.2178
57.5736, 3.5682
57.5936, 2.1451
57.6136, 1.6505
57.6336, 3.4860
57.6536, 0.9810
57.6736, 2.0023
57.6936, 2.4098
57.7136, 1.0957
57.7336, 1.3206
57.7536, 1.2435
57.7736, 3.3551
57.7937, 3.8484
57.8137, 2.0647
57.8337, 1.6851
57.8537, 1.3564
57.8737, 1.9526
57.8937, 1.4055
57.9137, 1.8547
57.9337, 2.3605
57.9537, 1.5492
57.9737, 1.7630
57.9937, 1.7671
58.0137, 1.6362
58.0337, 1.5134
58.0537, 2.7064
58.0737, 0.1958
58.0937, 3.5113
58.1137, 2.0852
58.1338, 2.5556
58.1538, 2.6696
58.1738, 1.2491
58.1938, 1.0446
58.2138, 0.9278
58.2338, 1.7060
58.2538, 2.6440
58.2738, 1.3723
58.2938, 2.5535
58.3138, 0.0000
58.3338, 1.5687
58.3538, 3.1078
58.3738, 1.7815
58.3938, 1.1291
58.4138, 1.2999
58.4338, 0.0000
58.4538, 0.9480
58.4738, 2.9988
58.4939, 1.3735
58.5139, 1.4905
58.5339, 0.0000
58.5539, 0.3345
58.5739, 3.1305
58.5939, 2.5628
58.6139, 0.6649
58.6339, 1.3259
58.6539, 1.9220
58.6739, 0.7653
58.6939, 0.0000
58.7139, 1.7931
58.7339, 2.5185
58.7539, 2.5376
58.7739, 2.8184
58.7939, 0.4111
58.8139, 2.0083
58.8340, 1.6848
58.8540, 1.8645
58.8740, 1.7410
58.8940, 1.2963
58.9140, 0.0000
58.9340, 3.1025
58.9540, 2.2780
58.9740, 0.4797
58.9940, 2.4199
59.0140, 1.5076
59.0340, 1.5356
59.0540, 1.1893
59.0740, 2.4831
59.0940, 1.1581
59.1140, 0.8638
59.1340, 3.0727
59.1540, 1.7736
59.1740, 1.8047
59.1941, 2.6373
59.2141, 1.2892
59.2341, 1.4869
59.2541, 2.2539
59.2741, 0.4231
59.2941, 2.1701
59.3141, 1.2019
59.3341, 2.7988
59.3541, 2.4928
59.3741, 2.3618
59.3941, 0.3581
59.4141, 1.8484
59.4341, 0.7840
59.4541, 1.9144
59.4741, 0.0000
59.4941, 0.4237
59.5141, 3.1295
59.5342, 2.3167
59.5542, 1.6002
59.5742, 1.0502
59.5942, 0.8762
59.6142, 2.1493
59.6342, 1.6103
59.6542, 3.4839
59.6742, 1.7678
59.6942, 2.0093
59.7142, 0.5756
59.7342, 1.5970
59.7542, 2.1386
59.7742, 1.6184
59.7942, 1.5696
59.8142, 2.5164
59.8342, 3.9730
59.8542, 3.0971
59.8742, 4.8087
59.8943, 5.2133
59.9143, 6.6536
59.9343, 5.7877
59.9543, 6.6005
59.9743, 6.4886
59.9943, 6.6226
60.0143, 5.9508
60.0343, 4.3088
60.0543, 4.2062
60.0743, 2.1608
60.0943, 3.2086
60.1143, 3.1257
60.1343, 2.6887
60.1543, 2.1072
60.1743, 2.6653
60.1943, 1.0669
60.2143, 2.1480
60.2344, 2.2489
60.2544, 0.6331
60.2744, 2.4213
60.2944, 0.7131
60.3144, 1.5268
60.3344, 1.9903
60.3544, 1.2266
60.3744, 2.0327
60.3944, 2.0169
60.4144, 1.1380
60.4344, 2.5139
60.4544, 1.1935
60.4744, 4.2187
60.4944, 1.8424
60.5144, 0.7900
60.5344, 0.9753
60.5544, 3.0884
60.5744, 1.5454
60.5945, 0.5992
60.6145, 2.7971
60.6345, 1.5390
60.6545, 2.5986
60.6745, 2.8782
60.6945, 2.2230
60.7145, 4.3257
60.7345, 0.2414
60.7545, 1.1402
60.7745, 1.6972
60.7945, 4.1921
60.8145, 3.7331
60.8345, 3.2282
60.8545, 1.1638
60.8745, 1.2794
60.8945, 1.1297
60.9145, 1.1744
60.9346, 3.4305
60.9546, 1.7093
60.9746, 1.8404
60.9946, 2.7185
61.0146, 0.3021
61.0346, 2.0031
61.0546, 0.8637
61.0746, 1.6591
61.0946, 1.3697
61.1146, 1.3186
61.1346, 2.1745
61.1546, 2.1702
61.1746, 1.7330
61.1946, 2.3183
61.2146, 1.0900
61.2346, 2.6265
61.2546, 1.7465
61.2746, 1.4715
61.2947, 1.1632
61.3147, 1.7116
61.3347, 3.8051
61.3547, 1.8882
61.3747, 0.8166
61.3947, 2.8616
61.4147, 1.4831
61.4347, 2.2322
61.4547, 1.3506
61.4747, 3.2204
61.4947, 1.3654
61.5147, 3.3364
61.5347, 0.9109
61.5547, 1.6606
61.5747, 3.3386
61.5947, 2.1176
61.6147, 4.2023
61.6348, 1.6841
61.6548, 2.2057
61.6748, 3.8393
61.6948, 0.4503
61.7148, 0.3276
61.7348, 1.1624
61.7548, 2.7571
61.7748, 0.3553
61.7948, 2.5427
61.8148, 2.4730
61.8348, 3.9475
61.8548, 2.9872
61.8748, 2.3118
61.8948, 3.2981
61.9148, 2.4851
61.9348, 1.4949
61.9548, 0.8164
61.9748, 1.3866
61.9949, 1.9112
62.0149, 2.1244
62.0349, 0.0000
62.0549, 1.7333
62.0749, 1.9792
62.0949, 2.4936
62.1149, 3.5634
62.1349, 2.1349
62.1549, 1.0494
62.1749, 0.1489
62.1949, 2.6319
62.2149, 1.0895
62.2349, 2.8101
62.2549, 3.3360
62.2749, 0.4205
62.2949, 2.4999
62.3149, 3.2321
62.3350, 2.9610
62.3550, 0.0000
62.3750, 1.1048
62.3950, 0.6820
62.4150, 2.4698
62.4350, 2.3606
62.4550, 0.0000
62.4750, 1.6527
62.4950, 2.7446
62.5150, 2.0976
62.5350, 2.0959
62.5550, 1.5891
62.5750, 0.9013
62.5950, 1.9340
62.6150, 2.0025
62.6350, 2.5607
62.6550, 2.6413
62.6751, 2.0360
62.6951, 3.0362
62.7151, 1.5793
62.7351, 0.5196
62.7551, 2.4238
62.7751, 2.0762
62.7951, 2.4435
62.8151, 0.6976
62.8351, 3.7259
62.8551, 2.6551
62.8751, 1.6655
62.8951, 1.0237
62.9151, 3.0186
62.9351, 0.8589
62.9551, 4.1923
62.9751, 1.3431
62.9951, 3.6562
63.0151, 1.7681
63.0352, 3.5177
63.0552, 1.2225
63.0752, 1.9696
63.0952, 2.7486
63.1152, 2.6072
63.1352, 3.0420
63.1552, 1.4677
63.1752, 2.0350
63.1952, 3.1883
63.2152, 1.2519
63.2352, 2.5184
63.2552, 1.7337
63.2752, 2.1550
63.2952, 2.0347
63.3152, 1.1696
63.3352, 1.6925
63.3552, 2.0946
63.3753, 1.8491
63.3953, 3.5098
63.4153, 2.9520
63.4353, 2.2383
63.4553, 1.1945
63.4753, 1.1342
63.4953, 3.9073
63.5153, 0.9499
63.5353, 2.0638
63.5553, 2.3087
63.5753, 1.6423
63.5953, 0.9576
63.6153, 1.1729
63.6353, 1.4092
63.6553, 1.2477
63.6753, 3.2669
63.6953, 1.9419
63.7153, 1.4317
63.7354, 2.0570
63.7554, 2.6131
63.7754, 1.6100
63.7954, 2.8473
63.8154, 0.6988
63.8354, 3.1355
63.8554, 2.0054
63.8754, 2.0553
63.8954, 1.5895
63.9154, 1.3565
63.9354, 1.3625
63.9554, 2.8170
63.9754, 4.7427
63.9954, 3.6849
64.0154, 3.3339
64.0354, 3.8792
64.0554, 4.0194
64.0755, 3.5027
64.0955, 3.1310
64.1155, 3.7807
64.1355, 3.6330
64.1555, 4.1569
64.1755, 0.4361
64.1955, 1.1401
64.2155, 2.6564
64.2355, 1.5050
64.2555, 2.8053
64.2755, 2.1565
64.2955, 3.5163
64.3155, 2.9844
64.3355, 3.0026
64.3555, 1.5427
64.3755, 1.8543
64.3955, 1.6484
64.4155, 0.4583
64.4356, 3.4097
64.4556, 2.6897
64.4756, 1.6089
64.4956, 3.2440
64.5156, 1.3261
64.5356, 0.1290
64.5556, 2.9494
64.5756, 0.6836
64.5956, 1.7569
64.6156, 2.1552
64.6356, 2.3330
64.6556, 2.7918
64.6756, 2.5266
64.6956, 2.4960
64.7156, 1.1671
64.7356, 2.2426
64.7556, 0.4586
64.7757, 3.4993
64.7957, 0.5607
64.8157, 1.6075
64.8357, 0.6437
64.8557, 1.2272
64.8757, 1.9642
64.8957, 1.4268
64.9157, 3.0851
64.9357, 2.1758
64.9557, 1.4921
64.9757, 1.8185
64.9957, 3.1599
65.0157, 2.8518
65.0357, 0.8222
65.0557, 1.2763
65.0757, 2.4215
65.0957, 2.3012
65.1157, 0.9098
65.1358, 2.6934
65.1558, 1.0679
65.1758, 3.2432
65.1958, 2.4757
65.2158, 0.8290
65.2358, 1.4265
65.2558, 1.4093
65.2758, 2.1094
65.2958, 1.7487
65.3158, 0.8155
65.3358, 0.5690
65.3558, 2.4951
65.3758, 2.2346
65.3958, 2.0555
65.4158, 2.2193
65.4358, 1.3375
65.4558, 2.1333
65.4759, 4.4670
65.4959, 3.1151
65.5159, 1.6650
65.5359, 1.4322
65.5559, 0.0000
65.5759, 3.0102
65.5959, 2.7306
65.6159, 1.4119
65.6359, 0.5318
65.6559, 0.8058
65.6759, 2.3914
65.6959, 1.8624
65.7159, 2.6364
65.7359, 2.0366
65.7559, 2.9091
65.7759, 2.3172
65.7959, 2.7724
65.8159, 0.0000
65.8360, 0.7275
65.8560, 1.5898
65.8760, 3.0210
65.8960, 3.8149
65.9160, 1.7881
65.9360, 1.3447
65.9560, 0.0132
65.9760, 2.8069
65.9960, 1.4056
66.0160, 4.8832
66.0360, 1.2180
66.0560, 4.0376
66.0760, 2.6927
66.0960, 0.9317
66.1160, 2.1810
66.1360, 2.7155
66.1560, 1.7276
66.1761, 2.7815
66.1961, 2.7597
66.2161, 2.5420
66.2361, 1.9346
66.2561, 0.7863
66.2761, 1.8748
66.2961, 2.1254
66.3161, 0.0914
66.3361, 2.1187
66.3561, 1.8550
66.3761, 0.6657
66.3961, 1.6208
66.4161, 1.6418
66.4361, 3.8640
66.4561, 2.1691
66.4761, 2.9778
66.4961, 1.8341
66.5161, 0.0935
66.5362, 2.6173
66.5562, 1.2985
66.5762, 1.6183
66.5962, 0.9072
66.6162, 2.0230
66.6362, 3.0067
66.6562, 2.8754
66.6762, 3.5231
66.6962, 3.6636
66.7162, 0.0000
66.7362, 0.7678
66.7562, 0.1587
66.7762, 2.5773
66.7962, 1.2639
66.8162, 1.4660
66.8362, 1.7362
66.8562, 2.3301
66.8763, 0.4787
66.8963, 0.7032
66.9163, 1.9522
66.9363, 3.1391
66.9563, 1.9257
66.9763, 1.1662
66.9963, 0.0000
67.0163, 2.8952
67.0363, 1.2215
67.0563, 0.8136
67.0763, 0.2507
67.0963, 0.5245
67.1163, 0.9982
67.1363, 1.7142
67.1563, 0.7528
67.1763, 2.1350
67.1963, 1.7066
67.2163, 4.1533
67.2364, 0.2615
67.2564, 2.1110
67.2764, 2.1234
67.2964, 0.9294
67.3164, 2.0453
67.3364, 2.7137
67.3564, 2.0466
67.3764, 3.3232
67.3964, 0.0000
67.4164, 1.1161
67.4364, 3.4130
67.4564, 2.8550
67.4764, 2.4870
67.4964, 3.1746
67.5164, 0.0562
67.5364, 2.7562
67.5564, 3.0557
67.5765, 1.4311
67.5965, 4.8743
67.6165, 2.8213
67.6365, 1.0623
67.6565, 4.5103
67.6765, 4.5448
67.6965, 7.5831
67.7165, 7.9066
67.7365, 7.2009
67.7565, 9.0717
67.7765, 7.7292
67.7965, 4.8555
67.8165, 4.3568
67.8365, 4.0300
67.8565, 2.4472
67.8765, 2.0386
67.8965, 2.1712
67.9165, 0.9699
67.9366, 0.0000
67.9566, 2.2374
67.9766, 0.0932
67.9966, 1.2328
68.0166, 0.7604
68.0366, 1.3913
68.0566, 4.1963
68.0766, 4.4924
68.0966, 5.4312
68.1166, 5.1605
68.1366, 6.1702
68.1566, 7.0145
68.1766, 5.9337
68.1966, 5.8650
68.2166, 5.0327
68.2366, 3.0024
68.2566, 0.8267
68.2767, 1.5485
68.2967, 2.0056
68.3167, 1.2403
68.3367, 0.9261
68.3567, 2.0264
68.3767, 4.3615
68.3967, 1.4675
68.4167, 1.9482
68.4367, 0.6505
68.4567, 3.1834
68.4767, 2.8179
68.4967, 2.7495
68.5167, 3.2987
68.5367, 1.5273
68.5567, 1.6512
68.5767, 3.6457
68.5967, 2.5781
68.6167, 0.0000
68.6368, 2.4017
68.6568, 1.3743
68.6768, 2.8412
68.6968, 2.3555
68.7168, 0.2257
68.7368, 2.2174
68.7568, 2.1597
68.7768, 2.3112
68.7968, 2.5214
68.8168, 3.4337
68.8368, 2.3612
68.8568, 1.9736
68.8768, 3.0888
68.8968, 4.1739
68.9168, 2.8579
68.9368, 2.1553
68.9568, 2.3796
68.9769, 2.2047
68.9969, 1.9693
69.0169, 4.0970
69.0369, 1.2085
69.0569, 3.0956
69.0769, 1.8262
69.0969, 0.4836
69.1169, 1.7643
69.1369, 1.4090
69.1569, 2.5234
69.1769, 2.0414
69.1969, 0.9379
69.2169, 3.4089
69.2369, 3.0314
69.2569, 3.5230
69.2769, 2.1858
69.2969, 1.9155
69.3169, 2.6483
69.3370, 1.3785
69.3570, 2.0798
69.3770, 1.7768
69.3970, 0.5028
69.4170, 2.0772
69.4370, 1.5138
69.4570, 1.7105
69.4770, 2.3115
69.4970, 3.2122
69.5170, 1.1096
69.5370, 1.6173
69.5570, 1.1926
69.5770, 1.1281
69.5970, 1.3616
69.6170, 1.7562
69.6370, 2.5316
69.6570, 2.2685
69.6771, 0.9034
69.6971, 3.2337
69.7171, 2.8870
69.7371, 1.0577
69.7571, 3.1642
69.7771, 2.2750
69.7971, 1.7958
69.8171, 2.3058
69.8371, 1.9254
69.8571, 2.4912
69.8771, 2.1366
69.8971, 1.6165
69.9171, 0.0000
69.9371, 2.4734
69.9571, 1.5806
69.9771, 2.7220
69.9971, 2.4283
70.0171, 1.6063
70.0372, 2.9649
70.0572, 2.1539
70.0772, 2.1131
70.0972, 1.8140
70.1172, 3.6196
70.1372, 1.2439
70.1572, 1.6311
70.1772, 0.7245
70.1972, 2.6712
70.2172, 1.3739
70.2372, 1.4850
70.2572, 1.4385
70.2772, 2.0131
70.2972, 0.7112
70.3172, 0.0000
70.3372, 2.4046
70.3572, 0.0000
70.3773, 2.7975
70.3973, 3.4957
70.4173, 1.7881
70.4373, 3.2389
70.4573, 1.9269
70.4773, 3.5360
70.4973, 1.4987
70.5173, 0.0000
70.5373, 1.8717
70.5573, 3.6438
70.5773, 2.4812
70.5973, 1.4401
70.6173, 2.2769
70.6373, 2.9135
70.6573, 1.8661
70.6773, 4.5541
70.6973, 1.4381
70.7173, 2.9446
70.7374, 2.7061
70.7574, 1.2573
70.7774, 1.5302
70.7974, 2.9600
70.8174, 2.0944
70.8374, 2.2860
70.8574, 0.3294
70.8774, 2.6011
70.8974, 2.2357
70.9174, 1.8876
70.9374, 2.3086
70.9574, 1.5453
70.9774, 1.3642
70.9974, 1.7112
71.0174, 1.4908
71.0374, 4.1122
71.0574, 2.8547
71.0775, 0.9910
71.0975, 3.9692
71.1175, 1.5219
71.1375, 1.9801
71.1575, 2.8404
71.1775, 0.0000
71.1975, 1.7160
71.2175, 1.3826
71.2375, 2.1542
71.2575, 2.3177
71.2775, 1.8743
71.2975, 1.8284
71.3175, 3.0066
71.3375, 2.2497
71.3575, 1.9920
71.3775, 2.0975
71.3975, 3.7706
71.4175, 2.1221
71.4376, 1.4410
71.4576, 0.0588
71.4776, 0.5296
71.4976, 1.4880
71.5176, 1.8435
71.5376, 1.4002
71.5576, 2.2990
71.5776, 1.3874
71.5976, 1.0445
71.6176, 2.5582
71.6376, 3.3082
71.6576, 0.8535
71.6776, 2.1925
71.6976, 0.0627
71.7176, 0.4894
71.7376, 1.3673
71.7576, 3.0758
71.7777, 1.1791
71.7977, 1.1420
71.8177, 1.9867
71.8377, 1.9877
71.8577, 1.1727
71.8777, 3.9196
71.8977, 1.6879
71.9177, 2.0635
71.9377, 1.5527
71.9577, 2.3870
71.9777, 3.1750
71.9977, 3.5999
72.0177, 1.1954
72.0377, 3.0420
72.0577, 2.4957
72.0777, 2.9169
72.0977, 1.8598
72.1177, 1.7655
72.1378, 2.8784
72.1578, 2.8972
72.1778, 3.5028
72.1978, 2.1477
72.2178, 1.8449
72.2378, 0.0000
72.2578, 0.3539
72.2778, 1.5601
72.2978, 0.8596
72.3178, 2.7579
72.3378, 0.6524
72.3578, 1.4540
72.3778, 1.4930
72.3978, 3.1450
72.4178, 1.3480
72.4378, 2.3993
72.4578, 2.1449
72.4779, 2.8462
72.4979, 2.7936
72.5179, 1.9178
72.5379, 0.2696
72.5579, 1.7212
72.5779, 1.9311
72.5979, 2.2344
72.6179, 1.2199
72.6379, 3.0818
72.6579, 1.9644
72.6779, 1.0385
72.6979, 1.4967
72.7179, 3.8624
72.7379, 2.6094
72.7579, 2.9901
72.7779, 0.9185
72.7979, 1.2682
72.8179, 1.2755
72.8380, 2.1337
72.8580, 1.7784
72.8780, 1.4657
72.8980, 1.5901
72.9180, 1.1639
72.9380, 1.7727
72.9580, 3.0543
72.9780, 0.4511
72.9980, 2.2943
73.0180, 3.3188
73.0380, 1.7693
73.0580, 1.4267
73.0780, 2.8670
73.0980, 0.9754
73.1180, 1.9284
73.1380, 0.9202
73.1580, 0.0973
73.1781, 1.8003
73.1981, 0.6988
73.2181, 1.9398
73.2381, 3.0580
73.2581, 3.7956
73.2781, 2.0649
73.2981, 3.0208
73.3181, 2.4955
73.3381, 1.9042
73.3581, 0.7069
73.3781, 4.7448
73.3981, 2.7895
73.4181, 5.9878
73.4381, 5.8625
73.4581, 4.8084
73.4781, 6.1256
73.4981, 7.5533
73.5181, 6.2840
73.5382, 3.4653
73.5582, 2.5448
73.5782, 2.7958
73.5982, 2.1688
73.6182, 3.3148
73.6382, 2.7554
73.6582, 0.2996
73.6782, 2.4140
73.6982, 1.7759
73.7182, 1.9883
73.7382, 2.1978
73.7582, 3.1391
73.7782, 2.9201
73.7982, 1.2078
73.8182, 1.8928
73.8382, 1.5063
73.8582, 0.2839
73.8783, 1.8425
73.8983, 3.7794
73.9183, 0.2540
73.9383, 1.9271
73.9583, 1.8953
73.9783, 2.2361
73.9983, 0.9967
74.0183, 0.5384
74.0383, 0.5845
74.0583, 3.2701
74.0783, 0.9769
74.0983, 1.4558
74.1183, 4.0370
74.1383, 1.2231
74.1583, 2.2903
74.1783, 3.0053
74.1983, 2.9577
74.2183, 0.6311
74.2384, 1.2439
74.2584, 2.2506
74.2784, 3.8629
74.2984, 1.1961
74.3184, 1.4617
74.3384, 2.3668
74.3584, 2.5651
74.3784, 2.6252
74.3984, 1.1120
74.4184, 1.4236
74.4384, 2.1645
74.4584, 3.2021
74.4784, 1.7145
74.4984, 1.9288
74.5184, 0.9340
74.5384, 3.7977
74.5584, 2.1038
74.5785, 3.0192
74.5985, 1.9805
74.6185, 2.0354
74.6385, 0.4638
74.6585, 0.0000
74.6785, 3.1918
74.6985, 2.0283
74.7185, 2.1555
74.7385, 0.7129
74.7585, 1.0558
74.7785, 3.0038
74.7985, 3.6757
74.8185, 1.3351
74.8385, 2.6165
74.8585, 2.1393
74.8785, 1.8314
74.8985, 3.7865
74.9185, 1.5017
74.9386, 3.1807
74.9586, 2.3290
74.9786, 1.9342
74.9986, 3.3108
75.0186, 2.2385
75.0386, 1.8553
75.0586, 3.3182
75.0786, 3.1892
75.0986, 3.1423
75.1186, 0.0000
75.1386, 2.3872
75.1586, 2.1612
75.1786, 1.9164
75.1986, 2.5553
75.2186, 2.2092
75.2386, 2.6227
75.2586, 1.6853
75.2787, 3.4359
75.2987, 2.7230
75.3187, 2.4887
75.3387, 2.4403
75.3587, 3.0980
75.3787, 2.9636
75.3987, 1.8391
75.4187, 2.9325
75.4387, 2.1234
75.4587, 3.8509
75.4787, 3.0390
75.4987, 1.3308
75.5187, 4.2611
75.5387, 0.0000
75.5587, 2.5826
75.5787, 1.2608
75.5987, 3.8165
75.6187, 2.2015
75.6388, 1.1641
75.6588, 1.6868
75.6788, 1.2433
75.6988, 1.6478
75.7188, 1.6252
75.7388, 1.2064
75.7588, 2.2186
75.7788, 2.3387
75.7988, 0.9634
75.8188, 0.3073
75.8388, 2.2591
75.8588, 2.4781
75.8788, 2.6747
75.8988, 2.4972
75.9188, 3.5098
75.9388, 2.9392
75.9588, 4.6071
75.9789, 5.0242
75.9989, 0.2083
76.0189, 0.0000
76.0389, 1.9436
76.0589, 2.4507
76.0789, 1.8757
76.0989, 2.6483
76.1189, 1.6831
76.1389, 1.2631
76.1589, 1.4128
76.1789, 1.7525
76.1989, 2.7870
76.2189, 1.4685
76.2389, 1.6645
76.2589, 2.5161
76.2789, 1.7539
76.2989, 3.0578
76.3189, 1.0395
76.3390, 0.8246
76.3590, 2.2529
76.3790, 2.3516
76.3990, 1.0936
76.4190, 3.2827
76.4390, 3.8589
76.4590, 1.3286
76.4790, 3.4251
76.4990, 0.0000
76.5190, 3.0175
76.5390, 1.1007
76.5590, 2.9184
76.5790, 0.9981
76.5990, 1.8830
76.6190, 1.1479
76.6390, 1.7389
76.6590, 3.7647
76.6791, 1.8439
76.6991, 4.0426
76.7191, 1.5685
76.7391, 3.4295
76.7591, 0.3396
76.7791, 1.6669
76.7991, 1.4195
76.8191, 3.4751
76.8391, 2.1345
76.8591, 0.0000
76.8791, 0.6523
76.8991, 0.9472
76.9191, 2.8767
76.9391, 2.7488
76.9591, 1.6532
76.9791, 1.4072
76.9991, 2.6610
77.0191, 0.8314
77.0392, 2.4045
77.0592, 2.3201
77.0792, 1.6787
77.0992, 2.3451
77.1192, 2.0521
77.1392, 2.4439
77.1592, 0.6286
77.1792, 2.5600
77.1992, 2.9685
77.2192, 2.2690
77.2392, 2.5468
77.2592, 1.8420
77.2792, 2.8344
77.2992, 2.0156
77.3192, 0.8131
77.3392, 2.7639
77.3592, 0.3312
77.3793, 2.2312
77.3993, 1.5701
77.4193, 1.5067
77.4393, 2.1214
77.4593, 1.2479
77.4793, 2.4586
77.4993, 2.0072
77.5193, 1.3391
77.5393, 3.2773
77.5593, 2.1539
77.5793, 2.5762
77.5993, 3.3550
77.6193, 3.3387
77.6393, 2.5256
77.6593, 1.6509
77.6793, 0.5338
77.6993, 2.1558
77.7193, 3.0358
77.7394, 2.3021
77.7594, 0.0000
77.7794, 2.8133
77.7994, 2.8742
77.8194, 1.6523
77.8394, 2.9306
77.8594, 2.5733
77.8794, 1.2715
77.8994, 3.2110
77.9194, 0.6946
77.9394, 1.8942
77.9594, 1.7953
77.9794, 1.1328
77.9994, 2.2520
78.0194, 3.2497
78.0394, 3.1876
78.0594, 2.6682
78.0795, 0.2700
78.0995, 0.6267
78.1195, 2.1156
78.1395, 1.9170
78.1595, 1.4572
78.1795, 3.8394
78.1995, 2.0558
78.2195, 2.4885
78.2395, 2.9301
78.2595, 2.0054
78.2795, 4.5191
78.2995, 1.0188
78.3195, 1.3502
78.3395, 1.0164
78.3595, 3.4998
78.3795, 2.7459
78.3995, 1.4116
78.4195, 1.0947
78.4396, 3.3236
78.4596, 2.3094
78.4796, 3.3489
78.4996, 1.8913
78.5196, 2.4579
78.5396, 2.2485
78.5596, 1.3323
78.5796, 1.8080
78.5996, 0.7771
78.6196, 2.4407
78.6396, 2.7054
78.6596, 2.9323
78.6796, 2.6116
78.6996, 1.8238
78.7196, 3.4892
78.7396, 2.8354
78.7596, 3.3272
78.7797, 3.3894
78.7997, 1.8264
78.8197, 2.3354
78.8397, 2.7186
78.8597, 0.8119
78.8797, 0.8339
78.8997, 0.6631
78.9197, 1.8438
78.9397, 1.6205
78.9597, 0.5279
78.9797, 2.0990
78.9997, 1.8561
79.0197, 3.1227
79.0397, 3.9461
79.0597, 2.4033
79.0797, 1.2604
79.0997, 2.5919
79.1197, 1.9601
79.1398, 1.7129
79.1598, 1.0969
79.1798, 1.4908
79.1998, 1.7747
79.2198, 2.7479
79.2398, 2.4574
79.2598, 3.7604
79.2798, 2.6193
79.2998, 2.3715
79.3198, 1.6474
79.3398, 0.9226
79.3598, 1.3860
79.3798, 1.2572
79.3998, 0.0000
79.4198, 0.9512
79.4398, 3.5390
79.4598, 2.3163
79.4799, 1.5777
79.4999, 2.3459
79.5199, 0.0147
79.5399, 2.2305
79.5599, 3.2171
79.5799, 1.8309
79.5999, 0.1946
79.6199, 1.5406
79.6399, 3.2189
79.6599, 2.2073
79.6799, 0.5451
79.6999, 4.2977
79.7199, 0.7082
79.7399, 1.7101
79.7599, 0.9227
79.7799, 0.9241
79.7999, 1.5028
79.8199, 2.5815
79.8400, 3.2301
79.8600, 1.5682
79.8800, 0.9497
79.9000, 2.4253
79.9200, 2.4544
79.9400, 2.1892
79.9600, 2.2242
79.9800, 1.8393
80.0000, 2.0482
