##NAMES=Quartz Annealed Sample 06
##RRUFFID=SYN000006
##SOURCE=Synthetic — systematic FWHM broadening demo
##X-RAY WAVELENGTH=1.54056
##FWHM_NOMINAL=0.1800
##END=
10.0000, 1.4276
10.0200, 3.5740
10.0400, 3.3826
10.0600, 2.4480
10.0800, 0.0388
10.1000, 1.9791
10.1200, 1.4380
10.1400, 1.9682
10.1600, 0.8945
10.1801, 2.6980
10.2001, 2.9247
10.2201, 3.1081
10.2401, 1.5694
10.2601, 0.8980
10.2801, 2.2969
10.3001, 3.6891
10.3201, 2.0171
10.3401, 2.3966
10.3601, 1.7154
10.3801, 1.4492
10.4001, 2.6008
10.4201, 1.8431
10.4401, 2.3483
10.4601, 2.4514
10.4801, 2.2928
10.5001, 2.5013
10.5201, 1.1027
10.5402, 1.0422
10.5602, 1.9060
10.5802, 1.9299
10.6002, 1.4305
10.6202, 2.1872
10.6402, 2.8486
10.6602, 3.1255
10.6802, 3.3483
10.7002, 0.6449
10.7202, 0.7954
10.7402, 1.6611
10.7602, 2.0279
10.7802, 1.7119
10.8002, 1.4004
10.8202, 1.6465
10.8402, 2.4274
10.8602, 0.6302
10.8803, 4.2713
10.9003, 1.9691
10.9203, 2.9900
10.9403, 1.3733
10.9603, 2.5176
10.9803, 2.0475
11.0003, 2.7976
11.0203, 1.7513
11.0403, 3.4864
11.0603, 0.4692
11.0803, 2.8894
11.1003, 2.0660
11.1203, 0.9388
11.1403, 3.8834
11.1603, 3.7809
11.1803, 0.0000
11.2003, 2.1235
11.2203, 2.6478
11.2404, 2.3861
11.2604, 3.4507
11.2804, 3.2446
11.3004, 2.2112
11.3204, 4.2056
11.3404, 2.8770
11.3604, 1.5999
11.3804, 1.4007
11.4004, 3.1808
11.4204, 1.1622
11.4404, 1.5421
11.4604, 1.7108
11.4804, 2.3008
11.5004, 1.7565
11.5204, 0.6427
11.5404, 3.1003
11.5604, 1.5474
11.5805, 3.9507
11.6005, 2.2496
11.6205, 3.2045
11.6405, 2.5737
11.6605, 3.2519
11.6805, 2.5137
11.7005, 2.1814
11.7205, 3.0320
11.7405, 4.4127
11.7605, 1.6808
11.7805, 2.7363
11.8005, 1.9431
11.8205, 2.4499
11.8405, 1.9901
11.8605, 0.0000
11.8805, 1.7498
11.9005, 2.9392
11.9205, 1.1897
11.9406, 2.8612
11.9606, 2.1303
11.9806, 1.7584
12.0006, 2.8462
12.0206, 2.6234
12.0406, 2.3652
12.0606, 2.9554
12.0806, 2.1496
12.1006, 0.3179
12.1206, 1.5734
12.1406, 0.1595
12.1606, 2.5999
12.1806, 2.8367
12.2006, 2.8818
12.2206, 2.4331
12.2406, 2.9078
12.2606, 0.3853
12.2807, 1.8416
12.3007, 0.5456
12.3207, 1.5930
12.3407, 3.5505
12.3607, 3.0320
12.3807, 2.6048
12.4007, 1.7682
12.4207, 0.9633
12.4407, 2.1337
12.4607, 3.0493
12.4807, 2.3546
12.5007, 0.3763
12.5207, 2.0520
12.5407, 0.0515
12.5607, 2.7455
12.5807, 1.2613
12.6007, 0.7358
12.6207, 2.7591
12.6408, 2.5028
12.6608, 2.1787
12.6808, 4.1210
12.7008, 2.5778
12.7208, 1.3089
12.7408, 2.4630
12.7608, 1.6647
12.7808, 3.2040
12.8008, 2.2268
12.8208, 2.3249
12.8408, 0.5184
12.8608, 2.0091
12.8808, 1.8925
12.9008, 0.9329
12.9208, 1.7287
12.9408, 2.3802
12.9608, 1.9440
12.9809, 0.5484
13.0009, 1.6774
13.0209, 1.4843
13.0409, 2.1401
13.0609, 2.0331
13.0809, 1.5402
13.1009, 1.5015
13.1209, 2.0149
13.1409, 2.9029
13.1609, 2.2245
13.1809, 3.3590
13.2009, 3.0716
13.2209, 3.4320
13.2409, 3.3050
13.2609, 3.4977
13.2809, 0.8051
13.3009, 2.5901
13.3209, 3.1560
13.3410, 3.3352
13.3610, 1.1842
13.3810, 2.5999
13.4010, 2.0228
13.4210, 3.7793
13.4410, 0.5730
13.4610, 1.1857
13.4810, 0.1533
13.5010, 2.0916
13.5210, 4.1925
13.5410, 1.9043
13.5610, 2.0484
13.5810, 2.4937
13.6010, 1.8330
13.6210, 2.3111
13.6410, 2.3371
13.6610, 1.1100
13.6811, 1.8550
13.7011, 2.6838
13.7211, 2.8688
13.7411, 3.2355
13.7611, 2.2808
13.7811, 2.3010
13.8011, 2.6919
13.8211, 1.3587
13.8411, 1.3180
13.8611, 1.8246
13.8811, 0.6843
13.9011, 2.3516
13.9211, 2.9882
13.9411, 1.2444
13.9611, 2.3796
13.9811, 1.3246
14.0011, 0.9405
14.0211, 3.9860
14.0412, 0.9547
14.0612, 0.6800
14.0812, 2.1611
14.1012, 2.2145
14.1212, 2.6097
14.1412, 3.9321
14.1612, 1.1779
14.1812, 1.3748
14.2012, 3.5431
14.2212, 2.8792
14.2412, 2.7414
14.2612, 1.3635
14.2812, 3.0644
14.3012, 2.7445
14.3212, 2.1362
14.3412, 1.3684
14.3612, 2.0540
14.3813, 3.5825
14.4013, 0.8638
14.4213, 1.1554
14.4413, 1.3259
14.4613, 1.5410
14.4813, 1.9327
14.5013, 2.8985
14.5213, 2.4057
14.5413, 2.0086
14.5613, 2.2229
14.5813, 2.5668
14.6013, 0.2811
14.6213, 3.0106
14.6413, 1.1290
14.6613, 1.5086
14.6813, 2.2857
14.7013, 1.8735
14.7213, 2.4310
14.7414, 2.0889
14.7614, 1.6614
14.7814, 3.4638
14.8014, 2.6502
14.8214, 2.2478
14.8414, 2.6348
14.8614, 1.2491
14.8814, 4.1042
14.9014, 0.8701
14.9214, 2.0605
14.9414, 1.6643
14.9614, 1.6267
14.9814, 1.4980
15.0014, 1.1833
15.0214, 3.1263
15.0414, 0.7540
15.0614, 2.9233
15.0815, 2.5912
15.1015, 1.5707
15.1215, 2.4763
15.1415, 1.7917
15.1615, 0.8568
15.1815, 0.8673
15.2015, 2.5980
15.2215, 2.5466
15.2415, 2.1882
15.2615, 1.5601
15.2815, 1.7595
15.3015, 1.6255
15.3215, 0.2165
15.3415, 2.0090
15.3615, 2.4662
15.3815, 2.0153
15.4015, 3.7021
15.4215, 0.9524
15.4416, 1.2929
15.4616, 2.0801
15.4816, 2.1899
15.5016, 0.0635
15.5216, 2.5457
15.5416, 2.1944
15.5616, 0.0000
15.5816, 1.8326
15.6016, 1.1467
15.6216, 1.4989
15.6416, 0.6218
15.6616, 2.3608
15.6816, 3.6948
15.7016, 2.2110
15.7216, 0.0000
15.7416, 2.2314
15.7616, 1.7553
15.7817, 0.8568
15.8017, 2.2988
15.8217, 2.8204
15.8417, 1.2856
15.8617, 0.3188
15.8817, 0.0000
15.9017, 1.2884
15.9217, 1.7941
15.9417, 1.4367
15.9617, 1.2709
15.9817, 2.5112
16.0017, 2.4071
16.0217, 2.1461
16.0417, 2.7577
16.0617, 1.2977
16.0817, 0.8632
16.1017, 1.4305
16.1217, 1.3621
16.1418, 0.0000
16.1618, 1.4074
16.1818, 3.0435
16.2018, 2.7422
16.2218, 2.4689
16.2418, 2.0787
16.2618, 3.3846
16.2818, 0.8973
16.3018, 0.9918
16.3218, 3.0628
16.3418, 1.9756
16.3618, 1.2829
16.3818, 2.4954
16.4018, 1.5136
16.4218, 1.1180
16.4418, 1.0904
16.4618, 2.2670
16.4819, 2.1523
16.5019, 3.4519
16.5219, 1.6607
16.5419, 1.6438
16.5619, 3.3754
16.5819, 2.9254
16.6019, 2.0919
16.6219, 0.4008
16.6419, 1.1435
16.6619, 0.9033
16.6819, 1.9844
16.7019, 1.4443
16.7219, 3.5373
16.7419, 0.3905
16.7619, 0.7970
16.7819, 2.1908
16.8019, 2.4652
16.8219, 0.0000
16.8420, 0.2279
16.8620, 1.6869
16.8820, 3.2925
16.9020, 3.8197
16.9220, 1.5374
16.9420, 1.7791
16.9620, 1.1187
16.9820, 2.5760
17.0020, 3.4635
17.0220, 3.1934
17.0420, 1.9195
17.0620, 1.1170
17.0820, 1.9564
17.1020, 3.3171
17.1220, 1.5512
17.1420, 0.1486
17.1620, 1.5914
17.1821, 1.6717
17.2021, 0.1428
17.2221, 2.1783
17.2421, 2.4499
17.2621, 3.7920
17.2821, 0.6274
17.3021, 2.6725
17.3221, 2.9067
17.3421, 2.4634
17.3621, 0.9502
17.3821, 0.8926
17.4021, 2.0446
17.4221, 2.0377
17.4421, 1.3937
17.4621, 3.2287
17.4821, 1.5510
17.5021, 0.0710
17.5221, 1.7262
17.5422, 2.4244
17.5622, 2.2873
17.5822, 2.2796
17.6022, 3.4293
17.6222, 0.8431
17.6422, 1.5282
17.6622, 3.4799
17.6822, 0.0000
17.7022, 1.8950
17.7222, 3.1665
17.7422, 3.1518
17.7622, 2.6027
17.7822, 2.6278
17.8022, 0.9163
17.8222, 3.3095
17.8422, 0.7586
17.8622, 0.8177
17.8823, 2.3328
17.9023, 1.4595
17.9223, 2.1532
17.9423, 2.3753
17.9623, 3.7110
17.9823, 2.3782
18.0023, 1.3351
18.0223, 2.6189
18.0423, 1.1237
18.0623, 2.8535
18.0823, 2.0123
18.1023, 2.3453
18.1223, 0.1831
18.1423, 0.0000
18.1623, 0.4599
18.1823, 3.6789
18.2023, 0.8101
18.2223, 2.6742
18.2424, 1.3119
18.2624, 1.7103
18.2824, 1.9039
18.3024, 3.5778
18.3224, 2.5277
18.3424, 2.3300
18.3624, 3.2337
18.3824, 1.3206
18.4024, 3.0073
18.4224, 2.8418
18.4424, 2.8304
18.4624, 1.7946
18.4824, 1.5147
18.5024, 1.0860
18.5224, 1.1481
18.5424, 1.0392
18.5624, 2.3119
18.5825, 1.7219
18.6025, 2.3759
18.6225, 2.4319
18.6425, 0.8977
18.6625, 0.8680
18.6825, 1.7216
18.7025, 1.1799
18.7225, 1.0755
18.7425, 3.6292
18.7625, 0.4282
18.7825, 3.9538
18.8025, 2.2346
18.8225, 2.9260
18.8425, 2.8091
18.8625, 2.5599
18.8825, 3.5957
18.9025, 0.8752
18.9225, 1.7932
18.9426, 1.1028
18.9626, 0.2669
18.9826, 1.2928
19.0026, 3.8046
19.0226, 1.7763
19.0426, 3.9146
19.0626, 4.0160
19.0826, 4.9174
19.1026, 3.8372
19.1226, 4.2859
19.1426, 2.2706
19.1626, 2.1746
19.1826, 2.2405
19.2026, 1.9483
19.2226, 2.0966
19.2426, 2.6939
19.2626, 1.4865
19.2827, 0.5826
19.3027, 2.3087
19.3227, 1.2615
19.3427, 1.3641
19.3627, 1.8068
19.3827, 1.5794
19.4027, 3.0487
19.4227, 1.7830
19.4427, 3.0987
19.4627, 2.1525
19.4827, 1.8605
19.5027, 2.1051
19.5227, 0.6678
19.5427, 2.2834
19.5627, 2.7901
19.5827, 2.9305
19.6027, 0.6078
19.6227, 0.4425
19.6428, 1.4161
19.6628, 3.3209
19.6828, 2.1673
19.7028, 1.1803
19.7228, 0.5079
19.7428, 1.2702
19.7628, 1.2032
19.7828, 2.8758
19.8028, 2.9520
19.8228, 0.9075
19.8428, 2.6949
19.8628, 2.5934
19.8828, 0.7788
19.9028, 1.8652
19.9228, 2.2861
19.9428, 2.1101
19.9628, 0.2526
19.9829, 2.0783
20.0029, 2.5790
20.0229, 3.5142
20.0429, 1.2853
20.0629, 1.4075
20.0829, 1.7412
20.1029, 2.2370
20.1229, 2.0444
20.1429, 2.5473
20.1629, 0.8328
20.1829, 2.3417
20.2029, 1.2125
20.2229, 1.8062
20.2429, 3.6415
20.2629, 0.5622
20.2829, 1.6712
20.3029, 0.6847
20.3229, 2.1000
20.3430, 2.9874
20.3630, 2.1165
20.3830, 1.8326
20.4030, 3.2651
20.4230, 2.2759
20.4430, 2.7607
20.4630, 2.6573
20.4830, 0.0000
20.5030, 1.8726
20.5230, 0.8805
20.5430, 1.1292
20.5630, 3.4188
20.5830, 1.6000
20.6030, 3.8826
20.6230, 0.6884
20.6430, 1.1689
20.6630, 3.3031
20.6831, 2.7461
20.7031, 4.2653
20.7231, 5.1650
20.7431, 6.9466
20.7631, 9.0587
20.7831, 12.1075
20.8031, 15.1357
20.8231, 18.2869
20.8431, 17.9079
20.8631, 18.1047
20.8831, 17.2508
20.9031, 17.5301
20.9231, 14.4086
20.9431, 9.2335
20.9631, 6.6868
20.9831, 5.6498
21.0031, 5.0444
21.0231, 3.6128
21.0432, 3.3970
21.0632, 2.2587
21.0832, 3.5670
21.1032, 2.8188
21.1232, 2.0693
21.1432, 3.1010
21.1632, 0.3200
21.1832, 1.8661
21.2032, 2.0853
21.2232, 2.5453
21.2432, 0.2480
21.2632, 1.6901
21.2832, 2.3453
21.3032, 2.4213
21.3232, 3.1241
21.3432, 2.7032
21.3632, 1.8879
21.3833, 2.6174
21.4033, 1.7487
21.4233, 2.0938
21.4433, 2.7362
21.4633, 1.9034
21.4833, 2.3071
21.5033, 2.9012
21.5233, 2.6543
21.5433, 3.1710
21.5633, 4.2565
21.5833, 2.6451
21.6033, 1.4910
21.6233, 2.4557
21.6433, 2.4130
21.6633, 2.5565
21.6833, 3.4303
21.7033, 0.2788
21.7233, 3.4490
21.7434, 3.7826
21.7634, 2.5114
21.7834, 2.5353
21.8034, 1.7087
21.8234, 1.9545
21.8434, 2.6402
21.8634, 2.5763
21.8834, 2.6627
21.9034, 2.5695
21.9234, 2.8389
21.9434, 2.7281
21.9634, 0.9328
21.9834, 2.7733
22.0034, 3.7907
22.0234, 1.9219
22.0434, 3.4347
22.0634, 1.0389
22.0835, 1.9188
22.1035, 1.3127
22.1235, 3.3155
22.1435, 3.5745
22.1635, 1.8499
22.1835, 3.1092
22.2035, 3.5846
22.2235, 1.9156
22.2435, 2.0769
22.2635, 2.6755
22.2835, 1.1130
22.3035, 2.0574
22.3235, 4.0725
22.3435, 1.4526
22.3635, 2.7947
22.3835, 2.4675
22.4035, 1.7859
22.4235, 2.1680
22.4436, 3.6857
22.4636, 2.4971
22.4836, 2.6519
22.5036, 3.5352
22.5236, 1.6614
22.5436, 0.9104
22.5636, 3.7013
22.5836, 2.0836
22.6036, 2.8341
22.6236, 1.1926
22.6436, 2.3334
22.6636, 0.8608
22.6836, 2.0115
22.7036, 1.3060
22.7236, 1.0782
22.7436, 1.6478
22.7636, 0.0000
22.7837, 0.7984
22.8037, 2.7239
22.8237, 2.2929
22.8437, 0.8834
22.8637, 2.4914
22.8837, 1.0777
22.9037, 2.6640
22.9237, 1.8336
22.9437, 1.6260
22.9637, 1.8580
22.9837, 4.4856
23.0037, 1.1960
23.0237, 2.1729
23.0437, 2.7229
23.0637, 0.9942
23.0837, 0.3678
23.1037, 1.3524
23.1237, 2.7011
23.1438, 1.6092
23.1638, 1.7192
23.1838, 2.8511
23.2038, 1.1489
23.2238, 1.8603
23.2438, 0.4476
23.2638, 2.2662
23.2838, 2.1758
23.3038, 2.7369
23.3238, 0.8129
23.3438, 1.7580
23.3638, 0.6809
23.3838, 1.7043
23.4038, 3.4172
23.4238, 1.6303
23.4438, 0.5942
23.4638, 1.2743
23.4839, 0.3513
23.5039, 0.6637
23.5239, 2.6134
23.5439, 0.5145
23.5639, 2.2579
23.5839, 1.9738
23.6039, 1.4213
23.6239, 2.1736
23.6439, 1.0187
23.6639, 2.7818
23.6839, 1.2560
23.7039, 1.5653
23.7239, 1.4473
23.7439, 2.6318
23.7639, 2.4880
23.7839, 0.0000
23.8039, 2.2003
23.8239, 0.2188
23.8440, 1.6099
23.8640, 1.8410
23.8840, 1.5993
23.9040, 2.4447
23.9240, 2.6621
23.9440, 1.1815
23.9640, 1.1455
23.9840, 1.9126
24.0040, 0.4179
24.0240, 1.4754
24.0440, 3.2847
24.0640, 0.4550
24.0840, 1.6111
24.1040, 1.3611
24.1240, 3.9361
24.1440, 1.4151
24.1640, 1.4726
24.1841, 0.9264
24.2041, 1.9575
24.2241, 2.2161
24.2441, 1.0701
24.2641, 2.9284
24.2841, 2.2170
24.3041, 2.7928
24.3241, 1.6230
24.3441, 2.1893
24.3641, 1.7370
24.3841, 3.3933
24.4041, 2.0635
24.4241, 1.9569
24.4441, 1.4940
24.4641, 1.4368
24.4841, 2.1839
24.5041, 2.7607
24.5241, 1.2696
24.5442, 2.0737
24.5642, 2.1308
24.5842, 2.3035
24.6042, 0.2556
24.6242, 1.0316
24.6442, 0.5943
24.6642, 1.9809
24.6842, 1.0551
24.7042, 1.4563
24.7242, 0.7643
24.7442, 1.5485
24.7642, 0.8339
24.7842, 2.6996
24.8042, 2.4233
24.8242, 2.0972
24.8442, 1.6489
24.8642, 0.0000
24.8843, 1.4940
24.9043, 1.1934
24.9243, 2.1934
24.9443, 2.5626
24.9643, 2.2701
24.9843, 3.2004
25.0043, 1.3849
25.0243, 1.3438
25.0443, 2.9771
25.0643, 2.1130
25.0843, 1.7034
25.1043, 3.7788
25.1243, 2.5210
25.1443, 1.7594
25.1643, 1.2683
25.1843, 3.2633
25.2043, 2.1535
25.2243, 1.9726
25.2444, 2.6187
25.2644, 2.8207
25.2844, 2.4934
25.3044, 2.8246
25.3244, 2.3957
25.3444, 2.4983
25.3644, 1.2230
25.3844, 3.7429
25.4044, 0.7253
25.4244, 2.2550
25.4444, 0.6231
25.4644, 1.8510
25.4844, 1.3819
25.5044, 2.0828
25.5244, 2.2871
25.5444, 1.0002
25.5644, 1.9191
25.5845, 3.3299
25.6045, 0.6474
25.6245, 1.1016
25.6445, 2.8016
25.6645, 2.0251
25.6845, 2.0981
25.7045, 2.9617
25.7245, 1.1611
25.7445, 1.4334
25.7645, 1.3112
25.7845, 1.6031
25.8045, 3.2762
25.8245, 0.2619
25.8445, 0.7644
25.8645, 0.5944
25.8845, 3.3378
25.9045, 1.3392
25.9245, 1.6244
25.9446, 0.3476
25.9646, 1.6882
25.9846, 2.8073
26.0046, 2.1990
26.0246, 1.8413
26.0446, 0.3970
26.0646, 1.6232
26.0846, 2.0939
26.1046, 0.9650
26.1246, 2.5975
26.1446, 2.8257
26.1646, 1.4242
26.1846, 2.6678
26.2046, 1.8395
26.2246, 3.0855
26.2446, 3.9649
26.2646, 0.8644
26.2847, 2.7121
26.3047, 3.2455
26.3247, 0.9974
26.3447, 1.4116
26.3647, 1.4588
26.3847, 2.0524
26.4047, 2.1602
26.4247, 3.0166
26.4447, 5.4227
26.4647, 5.2286
26.4847, 10.3861
26.5047, 18.6148
26.5247, 27.9262
26.5447, 38.6350
26.5647, 54.7934
26.5847, 70.9243
26.6047, 83.6528
26.6247, 93.1901
26.6448, 100.0000
26.6648, 99.2702
26.6848, 88.9108
26.7048, 77.3445
26.7248, 63.3969
26.7448, 47.2211
26.7648, 31.7607
26.7848, 22.9639
26.8048, 13.5108
26.8248, 7.8170
26.8448, 4.0216
26.8648, 5.0061
26.8848, 1.9904
26.9048, 2.6548
26.9248, 2.6741
26.9448, 2.1660
26.9648, 2.2624
26.9849, 2.3326
27.0049, 2.0872
27.0249, 1.1953
27.0449, 1.1065
27.0649, 1.8442
27.0849, 1.8232
27.1049, 2.3739
27.1249, 3.0404
27.1449, 2.2892
27.1649, 1.1444
27.1849, 0.0000
27.2049, 1.1860
27.2249, 0.6154
27.2449, 1.2242
27.2649, 2.1884
27.2849, 2.0319
27.3049, 3.7903
27.3249, 2.4272
27.3450, 3.8409
27.3650, 2.6572
27.3850, 3.0246
27.4050, 1.5925
27.4250, 0.8831
27.4450, 1.5032
27.4650, 1.9365
27.4850, 1.3256
27.5050, 0.9558
27.5250, 2.3615
27.5450, 0.9516
27.5650, 0.4281
27.5850, 0.8359
27.6050, 1.7159
27.6250, 0.9659
27.6450, 1.7222
27.6650, 2.5435
27.6851, 2.5177
27.7051, 1.2932
27.7251, 0.6556
27.7451, 1.3776
27.7651, 2.5982
27.7851, 2.8298
27.8051, 2.2981
27.8251, 3.1393
27.8451, 3.6625
27.8651, 1.4692
27.8851, 3.4219
27.9051, 1.6900
27.9251, 2.9593
27.9451, 2.6507
27.9651, 0.0000
27.9851, 0.9904
28.0051, 0.7376
28.0252, 0.1817
28.0452, 2.8200
28.0652, 3.9991
28.0852, 1.6928
28.1052, 2.7950
28.1252, 3.4200
28.1452, 2.1548
28.1652, 1.9232
28.1852, 1.7047
28.2052, 2.4812
28.2252, 2.8154
28.2452, 2.4061
28.2652, 2.3720
28.2852, 1.8975
28.3052, 0.3691
28.3252, 2.8382
28.3452, 0.6748
28.3652, 2.5623
28.3853, 2.6974
28.4053, 0.8177
28.4253, 1.3457
28.4453, 4.0513
28.4653, 1.8695
28.4853, 0.7386
28.5053, 2.7422
28.5253, 1.1823
28.5453, 0.0444
28.5653, 2.4635
28.5853, 1.0396
28.6053, 2.2667
28.6253, 1.1426
28.6453, 2.6493
28.6653, 2.1302
28.6853, 0.0000
28.7053, 2.3270
28.7254, 1.6610
28.7454, 3.3527
28.7654, 2.3400
28.7854, 2.6979
28.8054, 1.2439
28.8254, 1.1651
28.8454, 1.9228
28.8654, 1.5908
28.8854, 3.2747
28.9054, 1.7963
28.9254, 0.7341
28.9454, 1.1279
28.9654, 2.9049
28.9854, 1.7825
29.0054, 1.7295
29.0254, 2.9993
29.0454, 1.0414
29.0654, 0.0000
29.0855, 1.1028
29.1055, 2.1883
29.1255, 1.7009
29.1455, 0.4014
29.1655, 2.9555
29.1855, 2.1103
29.2055, 2.3339
29.2255, 2.3642
29.2455, 0.6610
29.2655, 2.2485
29.2855, 2.8479
29.3055, 3.0787
29.3255, 2.6633
29.3455, 2.4569
29.3655, 0.2259
29.3855, 1.9335
29.4055, 1.0000
29.4256, 3.2193
29.4456, 3.0688
29.4656, 1.0060
29.4856, 1.9027
29.5056, 2.1946
29.5256, 2.8412
29.5456, 0.2872
29.5656, 0.0000
29.5856, 1.9861
29.6056, 0.0000
29.6256, 2.1055
29.6456, 2.5353
29.6656, 3.1736
29.6856, 1.3311
29.7056, 2.1081
29.7256, 2.5941
29.7456, 0.7827
29.7656, 2.8557
29.7857, 2.2202
29.8057, 1.3481
29.8257, 2.0884
29.8457, 1.8101
29.8657, 2.7216
29.8857, 1.5909
29.9057, 2.1734
29.9257, 1.3327
29.9457, 1.0186
29.9657, 2.1183
29.9857, 1.0593
30.0057, 2.7419
30.0257, 2.5354
30.0457, 1.1898
30.0657, 2.1602
30.0857, 1.1852
30.1057, 0.3579
30.1258, 1.3562
30.1458, 1.8984
30.1658, 2.4652
30.1858, 2.0965
30.2058, 2.8481
30.2258, 0.9756
30.2458, 1.5748
30.2658, 3.5784
30.2858, 0.0339
30.3058, 1.5002
30.3258, 0.8861
30.3458, 1.7546
30.3658, 1.5176
30.3858, 2.5452
30.4058, 2.2016
30.4258, 0.6540
30.4458, 1.3652
30.4658, 1.9482
30.4859, 2.6812
30.5059, 4.3601
30.5259, 2.6450
30.5459, 0.9445
30.5659, 1.8552
30.5859, 2.1277
30.6059, 1.4334
30.6259, 2.4144
30.6459, 0.0000
30.6659, 2.4966
30.6859, 1.4760
30.7059, 1.8395
30.7259, 3.4013
30.7459, 0.6977
30.7659, 2.2186
30.7859, 2.7353
30.8059, 2.1171
30.8260, 0.3481
30.8460, 3.2870
30.8660, 1.7387
30.8860, 1.4253
30.9060, 1.6405
30.9260, 1.5694
30.9460, 0.7684
30.9660, 2.1118
30.9860, 1.3562
31.0060, 2.6133
31.0260, 2.4614
31.0460, 3.5598
31.0660, 1.7385
31.0860, 1.1520
31.1060, 0.4913
31.1260, 4.1226
31.1460, 2.6046
31.1660, 1.2619
31.1861, 3.6267
31.2061, 3.2927
31.2261, 0.6087
31.2461, 1.2013
31.2661, 1.8171
31.2861, 0.8875
31.3061, 1.8525
31.3261, 2.6541
31.3461, 0.5869
31.3661, 2.2387
31.3861, 3.1066
31.4061, 2.3450
31.4261, 1.8733
31.4461, 1.2860
31.4661, 2.7719
31.4861, 0.7816
31.5061, 2.1890
31.5262, 1.9736
31.5462, 3.0641
31.5662, 1.3706
31.5862, 1.4548
31.6062, 0.7172
31.6262, 2.3818
31.6462, 1.5281
31.6662, 1.0937
31.6862, 1.1881
31.7062, 2.4807
31.7262, 0.8549
31.7462, 0.9429
31.7662, 2.8369
31.7862, 1.7836
31.8062, 2.8954
31.8262, 1.5920
31.8462, 1.9472
31.8662, 2.1032
31.8863, 3.3235
31.9063, 3.2428
31.9263, 3.0915
31.9463, 1.3249
31.9663, 0.9700
31.9863, 2.7025
32.0063, 3.3131
32.0263, 3.1010
32.0463, 1.9612
32.0663, 2.6698
32.0863, 2.6872
32.1063, 2.0959
32.1263, 2.1390
32.1463, 2.0456
32.1663, 1.1670
32.1863, 1.2682
32.2063, 1.2529
32.2264, 0.3629
32.2464, 2.0899
32.2664, 1.9080
32.2864, 2.7036
32.3064, 3.1980
32.3264, 3.2611
32.3464, 3.3544
32.3664, 1.1978
32.3864, 0.5287
32.4064, 2.8709
32.4264, 3.3184
32.4464, 3.4908
32.4664, 2.4291
32.4864, 0.0000
32.5064, 2.3107
32.5264, 2.4989
32.5464, 3.1895
32.5664, 3.3655
32.5865, 2.8500
32.6065, 1.3661
32.6265, 0.9281
32.6465, 2.4776
32.6665, 1.1627
32.6865, 3.4106
32.7065, 0.2585
32.7265, 2.5102
32.7465, 2.2650
32.7665, 1.7433
32.7865, 1.0312
32.8065, 0.0000
32.8265, 1.4214
32.8465, 1.4388
32.8665, 3.0504
32.8865, 1.1722
32.9065, 2.3971
32.9266, 0.6672
32.9466, 2.4243
32.9666, 0.0000
32.9866, 4.0254
33.0066, 1.8084
33.0266, 0.0000
33.0466, 1.2367
33.0666, 1.0802
33.0866, 1.2981
33.1066, 1.5868
33.1266, 1.2914
33.1466, 1.1389
33.1666, 0.7996
33.1866, 2.7629
33.2066, 3.1390
33.2266, 1.6959
33.2466, 1.9308
33.2666, 0.8317
33.2867, 2.0187
33.3067, 2.1762
33.3267, 1.7308
33.3467, 2.3409
33.3667, 2.2543
33.3867, 0.9033
33.4067, 3.1310
33.4267, 1.7424
33.4467, 3.6093
33.4667, 2.3650
33.4867, 3.9021
33.5067, 3.1133
33.5267, 2.1735
33.5467, 1.2314
33.5667, 1.2528
33.5867, 2.4767
33.6067, 2.0902
33.6268, 1.3644
33.6468, 2.7741
33.6668, 1.9867
33.6868, 2.7800
33.7068, 0.9813
33.7268, 2.9391
33.7468, 2.4449
33.7668, 3.1354
33.7868, 2.9172
33.8068, 1.8641
33.8268, 1.7843
33.8468, 3.7158
33.8668, 1.6602
33.8868, 2.6902
33.9068, 1.5702
33.9268, 0.1025
33.9468, 0.7316
33.9668, 2.3507
33.9869, 2.6433
34.0069, 2.3539
34.0269, 3.0843
34.0469, 2.3361
34.0669, 1.1798
34.0869, 2.5374
34.1069, 2.1164
34.1269, 1.3777
34.1469, 2.4167
34.1669, 2.0269
34.1869, 1.3485
34.2069, 1.7719
34.2269, 3.3496
34.2469, 3.3172
34.2669, 2.1348
34.2869, 2.0050
34.3069, 0.5277
34.3270, 3.6527
34.3470, 2.9756
34.3670, 2.6937
34.3870, 0.0000
34.4070, 1.9888
34.4270, 1.8222
34.4470, 2.6252
34.4670, 1.5011
34.4870, 1.7186
34.5070, 2.5623
34.5270, 1.1814
34.5470, 1.3792
34.5670, 2.1399
34.5870, 3.2751
34.6070, 2.7497
34.6270, 3.0143
34.6470, 2.0110
34.6670, 3.4304
34.6871, 0.2222
34.7071, 3.9530
34.7271, 4.0814
34.7471, 2.4009
34.7671, 2.7733
34.7871, 1.9106
34.8071, 1.7405
34.8271, 1.3427
34.8471, 1.8997
34.8671, 2.4994
34.8871, 2.3645
34.9071, 3.9176
34.9271, 2.0477
34.9471, 0.4724
34.9671, 3.5783
34.9871, 0.7379
35.0071, 1.3937
35.0272, 2.2177
35.0472, 2.3618
35.0672, 0.5154
35.0872, 1.2083
35.1072, 0.4803
35.1272, 2.5646
35.1472, 3.1214
35.1672, 0.7370
35.1872, 2.9353
35.2072, 2.8710
35.2272, 1.2949
35.2472, 0.0000
35.2672, 0.8863
35.2872, 1.3582
35.3072, 3.4766
35.3272, 1.8310
35.3472, 0.9502
35.3672, 2.0948
35.3873, 0.6642
35.4073, 2.4581
35.4273, 0.9791
35.4473, 1.1230
35.4673, 2.3205
35.4873, 3.6833
35.5073, 4.1270
35.5273, 0.9174
35.5473, 1.3568
35.5673, 2.4593
35.5873, 3.1069
35.6073, 0.0000
35.6273, 2.0348
35.6473, 1.4653
35.6673, 0.0409
35.6873, 0.6227
35.7073, 1.3854
35.7274, 2.0066
35.7474, 2.9476
35.7674, 2.2995
35.7874, 2.8876
35.8074, 1.9748
35.8274, 1.2494
35.8474, 1.7661
35.8674, 2.6378
35.8874, 2.9719
35.9074, 1.8017
35.9274, 1.0272
35.9474, 2.2810
35.9674, 2.4221
35.9874, 3.1703
36.0074, 1.2754
36.0274, 1.2863
36.0474, 2.6979
36.0674, 1.5444
36.0875, 1.5025
36.1075, 3.1915
36.1275, 0.5892
36.1475, 3.9867
36.1675, 1.3410
36.1875, 2.8077
36.2075, 1.8410
36.2275, 2.2191
36.2475, 1.6929
36.2675, 2.8110
36.2875, 1.6373
36.3075, 1.4567
36.3275, 3.9095
36.3475, 2.3047
36.3675, 1.8898
36.3875, 1.5372
36.4075, 5.5343
36.4276, 4.0422
36.4476, 7.7430
36.4676, 7.3176
36.4876, 8.2494
36.5076, 9.2391
36.5276, 11.8359
36.5476, 7.5299
36.5676, 9.4623
36.5876, 8.1051
36.6076, 7.0077
36.6276, 6.1371
36.6476, 4.5772
36.6676, 4.0687
36.6876, 3.1321
36.7076, 1.3498
36.7276, 2.7094
36.7476, 2.8528
36.7676, 1.5033
36.7877, 3.8409
36.8077, 3.2892
36.8277, 2.7915
36.8477, 2.7752
36.8677, 1.9789
36.8877, 3.0800
36.9077, 3.5055
36.9277, 2.7493
36.9477, 1.3829
36.9677, 1.9089
36.9877, 2.5170
37.0077, 2.7787
37.0277, 1.8715
37.0477, 1.3864
37.0677, 3.5187
37.0877, 0.8852
37.1077, 1.0151
37.1278, 0.6327
37.1478, 1.0129
37.1678, 3.1848
37.1878, 3.2180
37.2078, 1.8749
37.2278, 2.4403
37.2478, 1.9379
37.2678, 0.7666
37.2878, 4.1471
37.3078, 3.3111
37.3278, 2.2996
37.3478, 1.0998
37.3678, 1.7253
37.3878, 1.2618
37.4078, 2.0450
37.4278, 2.2555
37.4478, 1.6101
37.4678, 0.5065
37.4879, 4.0618
37.5079, 2.1837
37.5279, 2.4009
37.5479, 1.5295
37.5679, 0.3998
37.5879, 1.8657
37.6079, 1.6278
37.6279, 2.6516
37.6479, 2.8465
37.6679, 2.7067
37.6879, 2.9280
37.7079, 3.7363
37.7279, 2.3347
37.7479, 3.0379
37.7679, 2.4378
37.7879, 0.0647
37.8079, 1.7951
37.8280, 1.0881
37.8480, 2.1777
37.8680, 1.1641
37.8880, 2.5487
37.9080, 2.9208
37.9280, 3.1414
37.9480, 3.5535
37.9680, 0.2868
37.9880, 0.7597
38.0080, 4.8507
38.0280, 2.9490
38.0480, 2.1708
38.0680, 1.9800
38.0880, 1.8919
38.1080, 0.0313
38.1280, 1.1826
38.1480, 1.8374
38.1680, 1.2386
38.1881, 1.3682
38.2081, 4.4848
38.2281, 1.6988
38.2481, 2.2240
38.2681, 2.1887
38.2881, 2.5326
38.3081, 1.4751
38.3281, 3.1844
38.3481, 2.3880
38.3681, 0.6723
38.3881, 1.8417
38.4081, 1.7776
38.4281, 1.7320
38.4481, 2.4531
38.4681, 2.5775
38.4881, 2.4604
38.5081, 2.2842
38.5282, 2.0332
38.5482, 0.0000
38.5682, 2.7194
38.5882, 2.4324
38.6082, 0.9720
38.6282, 2.2264
38.6482, 2.5906
38.6682, 3.1094
38.6882, 2.4541
38.7082, 2.2671
38.7282, 2.8868
38.7482, 1.6444
38.7682, 2.3567
38.7882, 1.3325
38.8082, 3.0489
38.8282, 0.3525
38.8482, 2.7579
38.8682, 1.9658
38.8883, 2.9053
38.9083, 1.1745
38.9283, 2.0375
38.9483, 2.0084
38.9683, 2.3784
38.9883, 0.9098
39.0083, 2.5790
39.0283, 0.1184
39.0483, 1.2862
39.0683, 0.3991
39.0883, 2.7693
39.1083, 2.3450
39.1283, 2.4007
39.1483, 3.4097
39.1683, 1.6379
39.1883, 2.5602
39.2083, 2.0332
39.2284, 1.9089
39.2484, 3.3454
39.2684, 4.2223
39.2884, 1.9258
39.3084, 3.5040
39.3284, 3.4902
39.3484, 4.1999
39.3684, 5.0118
39.3884, 5.4750
39.4084, 3.3228
39.4284, 9.3504
39.4484, 7.8120
39.4684, 8.5263
39.4884, 8.3536
39.5084, 7.1806
39.5284, 7.2775
39.5484, 5.9319
39.5684, 4.2132
39.5885, 4.1487
39.6085, 3.2376
39.6285, 3.6633
39.6485, 1.0662
39.6685, 1.3841
39.6885, 2.7820
39.7085, 1.3666
39.7285, 1.0751
39.7485, 1.3720
39.7685, 1.8515
39.7885, 1.8531
39.8085, 1.7405
39.8285, 0.9287
39.8485, 2.7148
39.8685, 3.2630
39.8885, 0.0544
39.9085, 0.4082
39.9286, 2.9425
39.9486, 3.5047
39.9686, 0.0000
39.9886, 2.7591
40.0086, 3.5786
40.0286, 1.1102
40.0486, 3.5541
40.0686, 1.8599
40.0886, 2.4418
40.1086, 1.5851
40.1286, 3.5698
40.1486, 3.8320
40.1686, 5.3147
40.1886, 5.8021
40.2086, 5.2560
40.2286, 9.2645
40.2486, 8.3363
40.2686, 8.1053
40.2887, 6.8037
40.3087, 6.1047
40.3287, 5.6587
40.3487, 5.3762
40.3687, 6.7550
40.3887, 4.9713
40.4087, 3.0911
40.4287, 2.9405
40.4487, 2.3701
40.4687, 3.1215
40.4887, 1.2763
40.5087, 2.3924
40.5287, 2.2903
40.5487, 1.1258
40.5687, 3.5301
40.5887, 1.6581
40.6087, 0.9651
40.6288, 2.7941
40.6488, 2.0024
40.6688, 2.3532
40.6888, 0.7739
40.7088, 2.7536
40.7288, 4.1019
40.7488, 0.6964
40.7688, 2.2994
40.7888, 1.1698
40.8088, 4.6145
40.8288, 3.1771
40.8488, 2.2279
40.8688, 0.7310
40.8888, 0.9708
40.9088, 2.6881
40.9288, 0.5976
40.9488, 0.6287
40.9688, 1.9570
40.9889, 2.0805
41.0089, 2.3250
41.0289, 1.5126
41.0489, 2.8604
41.0689, 1.0939
41.0889, 2.5695
41.1089, 2.1605
41.1289, 2.5437
41.1489, 3.1200
41.1689, 1.4969
41.1889, 1.2929
41.2089, 0.2745
41.2289, 0.0000
41.2489, 1.7738
41.2689, 1.8417
41.2889, 0.8716
41.3089, 1.0847
41.3290, 3.4585
41.3490, 2.8165
41.3690, 0.6976
41.3890, 1.5098
41.4090, 2.3507
41.4290, 1.3272
41.4490, 1.1466
41.4690, 1.6130
41.4890, 3.0295
41.5090, 3.1194
41.5290, 1.2192
41.5490, 2.4048
41.5690, 1.9419
41.5890, 0.9488
41.6090, 1.6538
41.6290, 0.6950
41.6490, 3.1012
41.6690, 3.4873
41.6891, 1.5413
41.7091, 1.3048
41.7291, 2.9937
41.7491, 3.1539
41.7691, 0.8435
41.7891, 1.8015
41.8091, 1.8898
41.8291, 1.1842
41.8491, 2.3309
41.8691, 1.2544
41.8891, 1.4127
41.9091, 1.8478
41.9291, 0.4721
41.9491, 0.0000
41.9691, 2.8586
41.9891, 1.2144
42.0091, 4.0646
42.0292, 3.9030
42.0492, 1.4462
42.0692, 4.2671
42.0892, 2.8778
42.1092, 1.3089
42.1292, 0.0000
42.1492, 2.6338
42.1692, 1.9884
42.1892, 2.3990
42.2092, 1.7760
42.2292, 0.9346
42.2492, 1.7724
42.2692, 3.1243
42.2892, 2.4502
42.3092, 3.0208
42.3292, 2.6794
42.3492, 5.3077
42.3692, 5.3064
42.3893, 8.5418
42.4093, 7.9818
42.4293, 9.1667
42.4493, 11.8862
42.4693, 9.1935
42.4893, 8.3406
42.5093, 8.2975
42.5293, 4.7288
42.5493, 6.5399
42.5693, 5.2389
42.5893, 3.9488
42.6093, 0.0000
42.6293, 2.1884
42.6493, 0.9465
42.6693, 3.1896
42.6893, 3.0496
42.7093, 2.3576
42.7294, 0.7654
42.7494, 3.4332
42.7694, 1.6895
42.7894, 3.7384
42.8094, 2.2115
42.8294, 2.4507
42.8494, 1.4920
42.8694, 3.3430
42.8894, 2.5514
42.9094, 3.3786
42.9294, 2.1243
42.9494, 1.9016
42.9694, 2.5382
42.9894, 3.3783
43.0094, 2.9562
43.0294, 2.0853
43.0494, 0.1072
43.0694, 2.7516
43.0895, 0.5220
43.1095, 1.9830
43.1295, 1.8335
43.1495, 0.5428
43.1695, 2.3175
43.1895, 4.0839
43.2095, 1.6384
43.2295, 2.7075
43.2495, 4.2835
43.2695, 2.8034
43.2895, 1.3090
43.3095, 2.1832
43.3295, 2.4249
43.3495, 3.3696
43.3695, 3.1518
43.3895, 0.0000
43.4095, 1.0995
43.4296, 1.8788
43.4496, 0.9418
43.4696, 0.0000
43.4896, 1.2289
43.5096, 1.9447
43.5296, 1.4275
43.5496, 0.9600
43.5696, 1.9894
43.5896, 2.2884
43.6096, 1.4837
43.6296, 3.3081
43.6496, 2.0055
43.6696, 1.0843
43.6896, 0.8335
43.7096, 1.7371
43.7296, 3.0520
43.7496, 1.1317
43.7696, 2.5390
43.7897, 2.0420
43.8097, 3.9242
43.8297, 2.3351
43.8497, 1.2561
43.8697, 2.6782
43.8897, 2.7116
43.9097, 1.5547
43.9297, 0.7944
43.9497, 2.4797
43.9697, 2.0112
43.9897, 0.4449
44.0097, 2.2006
44.0297, 1.3168
44.0497, 0.4458
44.0697, 1.5992
44.0897, 3.2201
44.1097, 3.1459
44.1298, 2.8868
44.1498, 2.2152
44.1698, 2.5389
44.1898, 2.0461
44.2098, 0.8528
44.2298, 1.0506
44.2498, 1.3464
44.2698, 3.3375
44.2898, 3.0156
44.3098, 0.8778
44.3298, 2.0012
44.3498, 1.5492
44.3698, 1.7945
44.3898, 1.4169
44.4098, 3.3418
44.4298, 1.9295
44.4498, 2.1625
44.4698, 2.1706
44.4899, 0.9294
44.5099, 2.0559
44.5299, 3.0014
44.5499, 3.4082
44.5699, 0.8104
44.5899, 0.4428
44.6099, 2.0099
44.6299, 3.0478
44.6499, 2.3047
44.6699, 2.6227
44.6899, 0.5998
44.7099, 1.3812
44.7299, 0.0000
44.7499, 1.8070
44.7699, 0.0000
44.7899, 3.2694
44.8099, 3.4896
44.8300, 2.0877
44.8500, 0.4488
44.8700, 2.3207
44.8900, 3.7913
44.9100, 2.4199
44.9300, 3.1230
44.9500, 1.4673
44.9700, 1.0846
44.9900, 1.8780
45.0100, 0.0383
45.0300, 4.1927
45.0500, 2.0867
45.0700, 2.8075
45.0900, 1.4908
45.1100, 0.4186
45.1300, 3.3617
45.1500, 0.8339
45.1700, 2.2941
45.1901, 2.3875
45.2101, 2.0216
45.2301, 1.1705
45.2501, 1.7999
45.2701, 1.0065
45.2901, 2.7504
45.3101, 2.5149
45.3301, 1.9271
45.3501, 1.3848
45.3701, 4.0373
45.3901, 0.6575
45.4101, 0.4171
45.4301, 1.8670
45.4501, 1.6927
45.4701, 3.0369
45.4901, 2.5906
45.5101, 1.9823
45.5302, 2.4563
45.5502, 2.4546
45.5702, 4.0959
45.5902, 2.3273
45.6102, 1.5180
45.6302, 2.5830
45.6502, 0.0838
45.6702, 3.0568
45.6902, 4.6933
45.7102, 4.8049
45.7302, 5.1138
45.7502, 5.9948
45.7702, 6.8102
45.7902, 7.2577
45.8102, 6.1543
45.8302, 5.0273
45.8502, 2.5111
45.8702, 5.1637
45.8903, 4.1077
45.9103, 3.2299
45.9303, 1.9898
45.9503, 3.3376
45.9703, 1.9347
45.9903, 2.0400
46.0103, 1.9540
46.0303, 2.4221
46.0503, 0.8214
46.0703, 2.5106
46.0903, 1.2354
46.1103, 1.2690
46.1303, 2.8260
46.1503, 0.9619
46.1703, 2.8241
46.1903, 2.0488
46.2103, 0.3143
46.2304, 3.3009
46.2504, 2.2558
46.2704, 2.3390
46.2904, 2.9468
46.3104, 3.4345
46.3304, 2.1476
46.3504, 2.5602
46.3704, 2.3162
46.3904, 1.6084
46.4104, 0.3786
46.4304, 2.1613
46.4504, 3.3152
46.4704, 2.5265
46.4904, 0.8901
46.5104, 3.0363
46.5304, 1.6415
46.5504, 0.0000
46.5704, 2.9573
46.5905, 1.0111
46.6105, 3.7136
46.6305, 3.0861
46.6505, 1.7224
46.6705, 2.4036
46.6905, 4.3512
46.7105, 2.9396
46.7305, 2.1844
46.7505, 4.8124
46.7705, 2.0648
46.7905, 2.5250
46.8105, 1.0202
46.8305, 0.2881
46.8505, 1.6630
46.8705, 1.9863
46.8905, 2.2747
46.9105, 0.5408
46.9306, 2.6032
46.9506, 1.1251
46.9706, 2.5517
46.9906, 2.8751
47.0106, 1.5562
47.0306, 0.9928
47.0506, 3.4785
47.0706, 2.8136
47.0906, 2.0989
47.1106, 3.4040
47.1306, 2.0308
47.1506, 1.3331
47.1706, 0.9553
47.1906, 1.8414
47.2106, 2.7133
47.2306, 3.3260
47.2506, 1.9716
47.2706, 3.1509
47.2907, 1.7359
47.3107, 1.1734
47.3307, 0.6533
47.3507, 1.4464
47.3707, 0.6906
47.3907, 3.9403
47.4107, 2.3838
47.4307, 1.8535
47.4507, 3.6553
47.4707, 0.6573
47.4907, 1.8123
47.5107, 3.9306
47.5307, 1.8055
47.5507, 4.3739
47.5707, 2.7271
47.5907, 3.2429
47.6107, 3.2716
47.6308, 1.9499
47.6508, 1.4643
47.6708, 1.8338
47.6908, 0.9699
47.7108, 1.8829
47.7308, 1.9439
47.7508, 3.6229
47.7708, 2.5364
47.7908, 4.2904
47.8108, 0.0000
47.8308, 0.7418
47.8508, 1.5960
47.8708, 3.4278
47.8908, 1.8396
47.9108, 0.4932
47.9308, 1.7053
47.9508, 0.7611
47.9708, 0.5667
47.9909, 3.9298
48.0109, 1.5997
48.0309, 2.1199
48.0509, 1.8561
48.0709, 1.6990
48.0909, 1.1149
48.1109, 1.6403
48.1309, 2.2826
48.1509, 3.3546
48.1709, 2.8875
48.1909, 0.7398
48.2109, 2.9282
48.2309, 2.4196
48.2509, 1.3290
48.2709, 2.1288
48.2909, 2.5156
48.3109, 1.9949
48.3310, 2.4243
48.3510, 1.0928
48.3710, 3.9238
48.3910, 0.0357
48.4110, 2.5211
48.4310, 2.3118
48.4510, 2.5856
48.4710, 1.2460
48.4910, 3.1073
48.5110, 1.8412
48.5310, 0.7723
48.5510, 0.8630
48.5710, 2.0719
48.5910, 0.3656
48.6110, 3.7332
48.6310, 2.9881
48.6510, 3.7593
48.6710, 3.6548
48.6911, 1.5994
48.7111, 1.0865
48.7311, 0.0000
48.7511, 1.5456
48.7711, 3.6986
48.7911, 1.1276
48.8111, 1.7402
48.8311, 1.3985
48.8511, 2.3200
48.8711, 3.2232
48.8911, 0.4224
48.9111, 0.6122
48.9311, 3.4220
48.9511, 2.6750
48.9711, 1.6911
48.9911, 3.6405
49.0111, 0.5951
49.0312, 2.8714
49.0512, 1.8806
49.0712, 2.5496
49.0912, 0.0000
49.1112, 1.6898
49.1312, 2.6787
49.1512, 1.8855
49.1712, 3.1927
49.1912, 3.1595
49.2112, 0.9980
49.2312, 2.7651
49.2512, 0.9642
49.2712, 2.0018
49.2912, 2.5987
49.3112, 1.1202
49.3312, 2.7284
49.3512, 1.4473
49.3712, 1.3726
49.3913, 2.6488
49.4113, 1.1195
49.4313, 1.0691
49.4513, 2.9804
49.4713, 2.0559
49.4913, 0.5068
49.5113, 2.7965
49.5313, 1.5452
49.5513, 0.5574
49.5713, 0.0000
49.5913, 2.8438
49.6113, 1.0958
49.6313, 0.7152
49.6513, 2.5821
49.6713, 2.7471
49.6913, 1.1680
49.7113, 2.8530
49.7314, 3.9853
49.7514, 3.2833
49.7714, 3.1291
49.7914, 2.2601
49.8114, 1.5096
49.8314, 1.8965
49.8514, 2.3953
49.8714, 0.7280
49.8914, 1.2495
49.9114, 0.6776
49.9314, 2.4873
49.9514, 2.6344
49.9714, 2.4140
49.9914, 4.6768
50.0114, 3.9906
50.0314, 5.8835
50.0514, 9.1952
50.0714, 11.3398
50.0915, 11.5104
50.1115, 13.9894
50.1315, 13.7613
50.1515, 14.2746
50.1715, 13.7251
50.1915, 12.5977
50.2115, 10.4408
50.2315, 8.4057
50.2515, 5.2496
50.2715, 5.2163
50.2915, 4.2705
50.3115, 3.6528
50.3315, 1.7837
50.3515, 3.1311
50.3715, 0.7714
50.3915, 1.5776
50.4115, 1.6982
50.4316, 0.7056
50.4516, 1.6632
50.4716, 2.1689
50.4916, 0.1387
50.5116, 1.5571
50.5316, 0.2151
50.5516, 3.9721
50.5716, 2.1589
50.5916, 2.0730
50.6116, 2.1783
50.6316, 2.5475
50.6516, 2.9179
50.6716, 0.3983
50.6916, 3.2471
50.7116, 3.1833
50.7316, 1.8825
50.7516, 1.8306
50.7716, 0.0000
50.7917, 0.7151
50.8117, 2.4626
50.8317, 3.1385
50.8517, 2.6708
50.8717, 1.8732
50.8917, 3.8574
50.9117, 2.9447
50.9317, 1.5579
50.9517, 4.1115
50.9717, 0.8616
50.9917, 0.4892
51.0117, 1.5308
51.0317, 1.1962
51.0517, 1.5865
51.0717, 2.7394
51.0917, 1.9146
51.1117, 1.9400
51.1318, 2.0066
51.1518, 0.0000
51.1718, 0.4461
51.1918, 1.5663
51.2118, 1.1126
51.2318, 1.7185
51.2518, 3.3402
51.2718, 1.8745
51.2918, 0.6376
51.3118, 1.1620
51.3318, 3.6440
51.3518, 3.4675
51.3718, 2.5390
51.3918, 0.3993
51.4118, 2.2524
51.4318, 2.3286
51.4518, 1.9736
51.4718, 1.3832
51.4919, 1.5888
51.5119, 1.3141
51.5319, 0.8131
51.5519, 3.3024
51.5719, 2.8229
51.5919, 1.6658
51.6119, 2.2974
51.6319, 2.3346
51.6519, 4.2708
51.6719, 2.8133
51.6919, 2.7758
51.7119, 1.9859
51.7319, 1.5176
51.7519, 3.3190
51.7719, 2.5949
51.7919, 1.1259
51.8119, 2.3982
51.8320, 2.7784
51.8520, 0.0000
51.8720, 1.0339
51.8920, 2.3079
51.9120, 0.0405
51.9320, 0.1975
51.9520, 1.6802
51.9720, 2.4355
51.9920, 2.4814
52.0120, 3.5169
52.0320, 2.0298
52.0520, 1.5788
52.0720, 0.6522
52.0920, 1.5670
52.1120, 2.6497
52.1320, 2.6945
52.1520, 2.2106
52.1720, 2.4906
52.1921, 3.2136
52.2121, 2.0229
52.2321, 3.3037
52.2521, 1.2279
52.2721, 1.8756
52.2921, 1.4716
52.3121, 2.7341
52.3321, 0.9426
52.3521, 1.6293
52.3721, 0.1047
52.3921, 2.5375
52.4121, 3.1842
52.4321, 2.8511
52.4521, 2.7538
52.4721, 2.7804
52.4921, 2.6419
52.5121, 2.5573
52.5322, 2.6213
52.5522, 1.2983
52.5722, 1.7498
52.5922, 2.0179
52.6122, 1.6155
52.6322, 0.3955
52.6522, 0.7240
52.6722, 2.1762
52.6922, 2.8462
52.7122, 1.9575
52.7322, 4.6891
52.7522, 1.0365
52.7722, 2.3894
52.7922, 3.2283
52.8122, 3.0047
52.8322, 2.5977
52.8522, 3.0092
52.8722, 2.0032
52.8923, 3.5967
52.9123, 3.2203
52.9323, 1.1034
52.9523, 2.2670
52.9723, 0.4144
52.9923, 3.4569
53.0123, 2.1706
53.0323, 3.2853
53.0523, 1.8399
53.0723, 0.1081
53.0923, 4.5628
53.1123, 2.0782
53.1323, 0.9567
53.1523, 3.0841
53.1723, 3.9665
53.1923, 1.7476
53.2123, 1.8499
53.2324, 2.1842
53.2524, 0.8469
53.2724, 1.2636
53.2924, 3.7147
53.3124, 1.8172
53.3324, 1.1180
53.3524, 1.5001
53.3724, 3.0118
53.3924, 0.0000
53.4124, 2.2007
53.4324, 4.3891
53.4524, 3.9617
53.4724, 2.5165
53.4924, 3.2533
53.5124, 3.2438
53.5324, 1.8235
53.5524, 2.8650
53.5724, 3.7213
53.5925, 0.6955
53.6125, 2.5199
53.6325, 2.3066
53.6525, 2.0505
53.6725, 1.9628
53.6925, 2.1779
53.7125, 2.2611
53.7325, 3.0572
53.7525, 2.4206
53.7725, 1.7719
53.7925, 1.1156
53.8125, 1.4799
53.8325, 2.2072
53.8525, 1.2483
53.8725, 2.8859
53.8925, 2.3746
53.9125, 3.0819
53.9326, 1.3150
53.9526, 1.1244
53.9726, 3.0745
53.9926, 2.0771
54.0126, 1.7475
54.0326, 2.6409
54.0526, 2.6040
54.0726, 0.7034
54.0926, 3.3209
54.1126, 1.5414
54.1326, 3.6335
54.1526, 0.6263
54.1726, 2.2629
54.1926, 1.7643
54.2126, 0.0000
54.2326, 2.6008
54.2526, 0.0410
54.2726, 1.6591
54.2927, 3.0430
54.3127, 1.4228
54.3327, 1.0524
54.3527, 2.7417
54.3727, 1.7009
54.3927, 1.5467
54.4127, 3.2122
54.4327, 0.7911
54.4527, 1.4926
54.4727, 2.8072
54.4927, 0.7270
54.5127, 3.7083
54.5327, 1.7335
54.5527, 2.8159
54.5727, 2.8152
54.5927, 1.8027
54.6127, 1.4869
54.6328, 1.9372
54.6528, 2.7234
54.6728, 1.1100
54.6928, 1.0205
54.7128, 3.8895
54.7328, 1.9977
54.7528, 3.5018
54.7728, 3.4836
54.7928, 4.1316
54.8128, 6.3114
54.8328, 5.3254
54.8528, 5.3938
54.8728, 5.5748
54.8928, 5.1758
54.9128, 4.6144
54.9328, 4.2324
54.9528, 5.7629
54.9728, 4.2297
54.9929, 2.6772
55.0129, 3.6016
55.0329, 0.7795
55.0529, 3.5402
55.0729, 3.3609
55.0929, 4.2524
55.1129, 3.0451
55.1329, 2.5325
55.1529, 3.4985
55.1729, 1.8010
55.1929, 2.3371
55.2129, 3.0904
55.2329, 5.0450
55.2529, 3.4437
55.2729, 3.9434
55.2929, 5.6472
55.3129, 6.4603
55.3330, 5.1449
55.3530, 6.3376
55.3730, 6.6320
55.3930, 5.9137
55.4130, 4.4603
55.4330, 3.4308
55.4530, 4.7368
55.4730, 2.6409
55.4930, 3.2816
55.5130, 4.1114
55.5330, 2.8909
55.5530, 1.0151
55.5730, 0.7449
55.5930, 1.6637
55.6130, 2.6557
55.6330, 2.3907
55.6530, 4.1367
55.6730, 2.3797
55.6931, 1.6237
55.7131, 0.8248
55.7331, 3.1185
55.7531, 1.9423
55.7731, 0.4552
55.7931, 1.9703
55.8131, 0.9612
55.8331, 1.5263
55.8531, 1.9544
55.8731, 1.0509
55.8931, 1.4649
55.9131, 1.2106
55.9331, 1.2372
55.9531, 0.9490
55.9731, 1.4697
55.9931, 1.0613
56.0131, 2.5298
56.0332, 2.1473
56.0532, 3.1326
56.0732, 3.8186
56.0932, 2.6197
56.1132, 2.3940
56.1332, 2.6822
56.1532, 2.4108
56.1732, 1.9980
56.1932, 1.9192
56.2132, 0.9355
56.2332, 2.7799
56.2532, 1.9172
56.2732, 3.3852
56.2932, 2.8555
56.3132, 1.3277
56.3332, 3.1841
56.3532, 0.0000
56.3732, 3.8618
56.3933, 0.6214
56.4133, 2.4391
56.4333, 2.3720
56.4533, 3.0622
56.4733, 1.6224
56.4933, 0.0000
56.5133, 1.6238
56.5333, 1.7310
56.5533, 0.0000
56.5733, 1.9932
56.5933, 0.8817
56.6133, 2.5917
56.6333, 1.7043
56.6533, 3.8924
56.6733, 1.6943
56.6933, 2.3749
56.7133, 1.7370
56.7334, 0.3391
56.7534, 1.7453
56.7734, 2.6951
56.7934, 2.5450
56.8134, 1.6575
56.8334, 0.5041
56.8534, 2.5871
56.8734, 2.3641
56.8934, 2.7844
56.9134, 1.6765
56.9334, 0.2785
56.9534, 2.4774
56.9734, 1.9392
56.9934, 3.3279
57.0134, 1.9768
57.0334, 1.9032
57.0534, 2.3619
57.0734, 1.3565
57.0935, 1.3087
57.1135, 1.8512
57.1335, 1.0358
57.1535, 1.7212
57.1735, 3.8710
57.1935, 2.9819
57.2135, 2.2536
57.2335, 3.4865
57.2535, 1.1305
57.2735, 4.4171
57.2935, 1.4918
57.3135, 3.9347
57.3335, 3.9303
57.3535, 0.2102
57.3735, 3.4026
57.3935, 1.6668
57.4135, 1.3852
57.4336, 2.4684
57.4536, 0.9491
57.4736, 2.4459
57.4936, 1.0156
57.5136, 2.1238
57.5336, 3.2720
57.5536, 2.3314
57.5736, 1.5916
57.5936, 2.4850
57.6136, 0.5540
57.6336, 1.1167
57.6536, 1.5217
57.6736, 2.7283
57.6936, 2.3505
57.7136, 2.4788
57.7336, 1.9211
57.7536, 1.1670
57.7736, 3.4235
57.7937, 1.2565
57.8137, 2.3637
57.8337, 1.8371
57.8537, 2.5064
57.8737, 1.3480
57.8937, 2.9918
57.9137, 3.3146
57.9337, 2.9310
57.9537, 2.1045
57.9737, 1.5169
57.9937, 4.7459
58.0137, 0.9652
58.0337, 2.8219
58.0537, 2.2782
58.0737, 1.8863
58.0937, 2.1318
58.1137, 1.4425
58.1338, 2.3716
58.1538, 2.2623
58.1738, 4.6027
58.1938, 3.0098
58.2138, 2.4597
58.2338, 2.5188
58.2538, 3.7718
58.2738, 0.9863
58.2938, 1.7671
58.3138, 0.0577
58.3338, 2.5022
58.3538, 2.7891
58.3738, 0.9613
58.3938, 3.3709
58.4138, 1.2356
58.4338, 1.6088
58.4538, 2.0668
58.4738, 3.5286
58.4939, 1.0975
58.5139, 2.2370
58.5339, 2.7164
58.5539, 2.5118
58.5739, 2.5484
58.5939, 2.7032
58.6139, 1.3984
58.6339, 3.6214
58.6539, 1.8381
58.6739, 1.7065
58.6939, 3.2842
58.7139, 1.3232
58.7339, 2.2658
58.7539, 1.2317
58.7739, 4.4457
58.7939, 4.2369
58.8139, 1.8390
58.8340, 2.4636
58.8540, 1.9534
58.8740, 1.6027
58.8940, 2.0669
58.9140, 1.9080
58.9340, 0.4408
58.9540, 2.2090
58.9740, 1.9063
58.9940, 2.2578
59.0140, 1.8714
59.0340, 1.5911
59.0540, 2.8156
59.0740, 2.4768
59.0940, 3.3322
59.1140, 2.4387
59.1340, 1.7524
59.1540, 2.5597
59.1740, 0.0000
59.1941, 4.0337
59.2141, 2.2203
59.2341, 4.1138
59.2541, 1.0865
59.2741, 0.8403
59.2941, 2.3109
59.3141, 2.3077
59.3341, 2.2836
59.3541, 2.1325
59.3741, 1.3256
59.3941, 0.4758
59.4141, 2.2290
59.4341, 0.6768
59.4541, 0.5832
59.4741, 1.5709
59.4941, 2.3752
59.5141, 3.9188
59.5342, 2.9190
59.5542, 3.3691
59.5742, 2.5963
59.5942, 2.3120
59.6142, 4.4325
59.6342, 0.6374
59.6542, 1.5403
59.6742, 1.6205
59.6942, 2.8456
59.7142, 1.0057
59.7342, 2.7672
59.7542, 2.6529
59.7742, 3.0086
59.7942, 3.2004
59.8142, 4.2638
59.8342, 3.1579
59.8542, 4.3442
59.8742, 3.8142
59.8943, 4.3566
59.9143, 7.7701
59.9343, 5.7455
59.9543, 7.4410
59.9743, 7.2611
59.9943, 7.5177
60.0143, 4.0893
60.0343, 5.8688
60.0543, 4.1664
60.0743, 2.9458
60.0943, 2.7399
60.1143, 3.6107
60.1343, 3.0348
60.1543, 2.0138
60.1743, 0.9146
60.1943, 0.9333
60.2143, 2.7140
60.2344, 0.6894
60.2544, 1.8341
60.2744, 4.6071
60.2944, 2.4042
60.3144, 2.6842
60.3344, 0.8965
60.3544, 0.7316
60.3744, 2.7372
60.3944, 1.6684
60.4144, 3.1117
60.4344, 2.0902
60.4544, 5.4738
60.4744, 1.4800
60.4944, 2.3340
60.5144, 1.1610
60.5344, 3.0705
60.5544, 2.4841
60.5744, 1.0945
60.5945, 1.7329
60.6145, 3.4073
60.6345, 3.2883
60.6545, 0.6453
60.6745, 1.5855
60.6945, 3.8530
60.7145, 1.8817
60.7345, 2.2292
60.7545, 3.0654
60.7745, 0.7268
60.7945, 1.1159
60.8145, 1.7265
60.8345, 3.2416
60.8545, 3.0583
60.8745, 2.7609
60.8945, 1.9094
60.9145, 3.1672
60.9346, 1.8961
60.9546, 2.6204
60.9746, 2.9515
60.9946, 3.7295
61.0146, 1.9916
61.0346, 1.6879
61.0546, 3.3312
61.0746, 3.4074
61.0946, 1.5087
61.1146, 0.9520
61.1346, 3.2559
61.1546, 0.4199
61.1746, 0.3693
61.1946, 1.7814
61.2146, 2.0498
61.2346, 0.8975
61.2546, 2.1682
61.2746, 2.2124
61.2947, 1.4720
61.3147, 3.9641
61.3347, 2.3743
61.3547, 3.0670
61.3747, 0.5047
61.3947, 0.4961
61.4147, 2.4043
61.4347, 3.7870
61.4547, 0.9471
61.4747, 2.0904
61.4947, 0.7239
61.5147, 1.2359
61.5347, 2.1397
61.5547, 1.4599
61.5747, 0.6541
61.5947, 0.6319
61.6147, 0.0786
61.6348, 2.4207
61.6548, 2.5407
61.6748, 2.5357
61.6948, 1.0470
61.7148, 2.9455
61.7348, 2.6489
61.7548, 1.9555
61.7748, 1.7928
61.7948, 1.3048
61.8148, 2.1388
61.8348, 3.5515
61.8548, 3.0763
61.8748, 1.6943
61.8948, 2.4822
61.9148, 0.8564
61.9348, 2.6720
61.9548, 1.1246
61.9748, 2.6325
61.9949, 4.8916
62.0149, 1.3832
62.0349, 4.8457
62.0549, 2.4346
62.0749, 1.2051
62.0949, 1.1597
62.1149, 4.2927
62.1349, 2.4370
62.1549, 1.3870
62.1749, 1.7466
62.1949, 2.3753
62.2149, 1.9396
62.2349, 2.2912
62.2549, 3.7065
62.2749, 0.8301
62.2949, 2.5873
62.3149, 1.8760
62.3350, 1.4536
62.3550, 3.0111
62.3750, 0.4995
62.3950, 0.0000
62.4150, 2.1709
62.4350, 1.8113
62.4550, 0.6072
62.4750, 0.2526
62.4950, 3.8622
62.5150, 2.4073
62.5350, 1.9677
62.5550, 4.1245
62.5750, 2.9615
62.5950, 3.7022
62.6150, 0.7785
62.6350, 0.7414
62.6550, 2.5600
62.6751, 2.3592
62.6951, 3.1871
62.7151, 0.3316
62.7351, 2.6458
62.7551, 2.9290
62.7751, 2.8763
62.7951, 1.5451
62.8151, 2.4624
62.8351, 1.1793
62.8551, 1.6579
62.8751, 0.9144
62.8951, 1.1962
62.9151, 1.7094
62.9351, 1.4616
62.9551, 1.1961
62.9751, 0.6599
62.9951, 3.8924
63.0151, 1.4520
63.0352, 2.2754
63.0552, 0.2046
63.0752, 3.2941
63.0952, 2.1140
63.1152, 1.5082
63.1352, 1.5169
63.1552, 2.8101
63.1752, 0.0000
63.1952, 1.1312
63.2152, 1.8302
63.2352, 1.8188
63.2552, 4.4318
63.2752, 1.6136
63.2952, 2.9299
63.3152, 3.7442
63.3352, 2.6131
63.3552, 1.2803
63.3753, 0.6749
63.3953, 2.6872
63.4153, 3.5790
63.4353, 2.4895
63.4553, 3.1710
63.4753, 4.5177
63.4953, 2.7784
63.5153, 0.8572
63.5353, 1.9989
63.5553, 3.3066
63.5753, 1.7016
63.5953, 3.4409
63.6153, 1.8819
63.6353, 2.2797
63.6553, 1.6006
63.6753, 2.1065
63.6953, 2.1592
63.7153, 0.3547
63.7354, 1.5134
63.7554, 0.7330
63.7754, 1.5621
63.7954, 1.1990
63.8154, 3.0325
63.8354, 3.1209
63.8554, 2.7912
63.8754, 1.1798
63.8954, 2.6250
63.9154, 1.7587
63.9354, 3.3865
63.9554, 4.6352
63.9754, 5.3972
63.9954, 5.1922
64.0154, 6.1130
64.0354, 5.0692
64.0554, 4.3413
64.0755, 5.0607
64.0955, 4.6422
64.1155, 2.7685
64.1355, 3.2578
64.1555, 2.2642
64.1755, 0.3264
64.1955, 2.5941
64.2155, 0.7760
64.2355, 2.3286
64.2555, 0.4517
64.2755, 1.2458
64.2955, 1.5228
64.3155, 3.1412
64.3355, 1.4200
64.3555, 0.8828
64.3755, 2.3095
64.3955, 1.7332
64.4155, 2.7320
64.4356, 0.9452
64.4556, 2.1573
64.4756, 4.3964
64.4956, 1.7111
64.5156, 2.1334
64.5356, 0.3016
64.5556, 1.1027
64.5756, 2.4040
64.5956, 1.6212
64.6156, 2.5574
64.6356, 2.3695
64.6556, 0.6417
64.6756, 2.9548
64.6956, 0.7164
64.7156, 1.1900
64.7356, 2.1758
64.7556, 3.5017
64.7757, 0.9531
64.7957, 2.0947
64.8157, 2.1029
64.8357, 2.5999
64.8557, 3.1220
64.8757, 1.5477
64.8957, 2.9513
64.9157, 3.2671
64.9357, 3.7168
64.9557, 2.4458
64.9757, 2.1043
64.9957, 1.4778
65.0157, 0.5019
65.0357, 1.6727
65.0557, 2.0596
65.0757, 1.8397
65.0957, 2.5408
65.1157, 0.5067
65.1358, 1.7679
65.1558, 3.9257
65.1758, 2.9352
65.1958, 2.5591
65.2158, 2.3356
65.2358, 1.5860
65.2558, 0.2094
65.2758, 2.4014
65.2958, 0.0000
65.3158, 1.6255
65.3358, 1.9446
65.3558, 1.5050
65.3758, 4.1008
65.3958, 3.7568
65.4158, 2.9721
65.4358, 1.0310
65.4558, 3.8530
65.4759, 2.5619
65.4959, 1.0145
65.5159, 1.9807
65.5359, 2.8985
65.5559, 1.3546
65.5759, 2.0876
65.5959, 2.2620
65.6159, 0.8570
65.6359, 1.6805
65.6559, 0.9317
65.6759, 2.8094
65.6959, 1.0481
65.7159, 2.2375
65.7359, 0.5702
65.7559, 0.8247
65.7759, 0.7766
65.7959, 1.6612
65.8159, 2.1271
65.8360, 2.3099
65.8560, 0.1914
65.8760, 1.7811
65.8960, 1.2042
65.9160, 2.4778
65.9360, 1.6830
65.9560, 1.8681
65.9760, 1.2098
65.9960, 3.6580
66.0160, 0.6758
66.0360, 1.5520
66.0560, 2.0549
66.0760, 1.6991
66.0960, 1.1910
66.1160, 0.1523
66.1360, 1.2628
66.1560, 0.9972
66.1761, 3.6129
66.1961, 4.1933
66.2161, 1.8979
66.2361, 0.5557
66.2561, 2.6799
66.2761, 0.9757
66.2961, 1.4039
66.3161, 1.3249
66.3361, 1.4521
66.3561, 1.5966
66.3761, 0.6462
66.3961, 1.2523
66.4161, 2.9594
66.4361, 1.9150
66.4561, 2.0725
66.4761, 0.0000
66.4961, 2.8878
66.5161, 1.2687
66.5362, 3.0625
66.5562, 2.1012
66.5762, 1.3911
66.5962, 0.2850
66.6162, 4.1042
66.6362, 2.7445
66.6562, 2.8039
66.6762, 3.7513
66.6962, 2.1704
66.7162, 3.2889
66.7362, 1.4738
66.7562, 2.6794
66.7762, 1.3236
66.7962, 1.4488
66.8162, 2.0444
66.8362, 0.6919
66.8562, 2.2748
66.8763, 1.6390
66.8963, 0.0000
66.9163, 1.4946
66.9363, 1.6062
66.9563, 2.7937
66.9763, 2.2310
66.9963, 3.3832
67.0163, 2.4639
67.0363, 1.3991
67.0563, 1.8904
67.0763, 1.6032
67.0963, 2.4320
67.1163, 2.0076
67.1363, 1.3252
67.1563, 1.9568
67.1763, 2.4054
67.1963, 0.9506
67.2163, 2.2625
67.2364, 0.3833
67.2564, 3.0442
67.2764, 2.4709
67.2964, 3.5634
67.3164, 0.8414
67.3364, 3.0719
67.3564, 2.8760
67.3764, 1.7677
67.3964, 1.5751
67.4164, 0.8733
67.4364, 0.6163
67.4564, 1.2095
67.4764, 0.7187
67.4964, 3.5666
67.5164, 0.5404
67.5364, 2.2645
67.5564, 2.7073
67.5765, 2.8952
67.5965, 3.3920
67.6165, 4.4699
67.6365, 3.8419
67.6565, 5.2523
67.6765, 5.7955
67.6965, 8.2100
67.7165, 9.6047
67.7365, 6.6034
67.7565, 5.6450
67.7765, 7.7273
67.7965, 7.4567
67.8165, 7.4303
67.8365, 5.3150
67.8565, 5.1655
67.8765, 4.7924
67.8965, 4.1488
67.9165, 3.2956
67.9366, 1.0325
67.9566, 2.3192
67.9766, 2.7897
67.9966, 2.7079
68.0166, 3.2416
68.0366, 5.4554
68.0566, 3.8846
68.0766, 6.1936
68.0966, 6.4077
68.1166, 5.7460
68.1366, 5.7469
68.1566, 5.0187
68.1766, 6.7722
68.1966, 5.5874
68.2166, 4.0764
68.2366, 2.2788
68.2566, 3.8976
68.2767, 2.7615
68.2967, 1.8372
68.3167, 1.3297
68.3367, 1.8897
68.3567, 2.5019
68.3767, 1.6615
68.3967, 0.7874
68.4167, 1.8976
68.4367, 2.9874
68.4567, 1.9891
68.4767, 2.0164
68.4967, 1.6255
68.5167, 1.0663
68.5367, 1.0334
68.5567, 0.3008
68.5767, 3.1192
68.5967, 2.4067
68.6167, 2.0300
68.6368, 2.2413
68.6568, 2.2849
68.6768, 1.2201
68.6968, 1.6258
68.7168, 1.4782
68.7368, 4.4379
68.7568, 2.9596
68.7768, 2.1147
68.7968, 3.3024
68.8168, 3.1772
68.8368, 0.5797
68.8568, 1.7273
68.8768, 1.9321
68.8968, 2.5545
68.9168, 1.7262
68.9368, 1.8506
68.9568, 1.4909
68.9769, 2.9881
68.9969, 0.5174
69.0169, 1.5246
69.0369, 0.1206
69.0569, 0.9276
69.0769, 2.2627
69.0969, 2.2815
69.1169, 1.6378
69.1369, 3.0625
69.1569, 3.2906
69.1769, 1.8796
69.1969, 2.1965
69.2169, 1.4996
69.2369, 2.5697
69.2569, 0.7646
69.2769, 3.7285
69.2969, 3.0784
69.3169, 0.7597
69.3370, 1.1661
69.3570, 2.3659
69.3770, 1.6130
69.3970, 2.4881
69.4170, 1.5920
69.4370, 3.4599
69.4570, 1.9565
69.4770, 4.3478
69.4970, 2.5457
69.5170, 0.6106
69.5370, 4.0167
69.5570, 3.0374
69.5770, 2.3251
69.5970, 2.5893
69.6170, 0.7695
69.6370, 0.1595
69.6570, 1.9069
69.6771, 3.3151
69.6971, 2.3405
69.7171, 3.6426
69.7371, 3.2580
69.7571, 1.9687
69.7771, 3.1218
69.7971, 3.4577
69.8171, 1.8688
69.8371, 1.7363
69.8571, 2.0875
69.8771, 0.0000
69.8971, 2.2263
69.9171, 2.6625
69.9371, 2.0915
69.9571, 2.2900
69.9771, 1.9052
69.9971, 0.0000
70.0171, 3.5964
70.0372, 1.5836
70.0572, 1.3359
70.0772, 3.2945
70.0972, 2.9185
70.1172, 2.2190
70.1372, 2.7110
70.1572, 0.8033
70.1772, 1.8681
70.1972, 3.2318
70.2172, 1.2770
70.2372, 0.9586
70.2572, 2.0262
70.2772, 2.0494
70.2972, 2.5902
70.3172, 0.5821
70.3372, 0.0000
70.3572, 2.8615
70.3773, 0.8747
70.3973, 1.3436
70.4173, 0.0000
70.4373, 2.9623
70.4573, 2.2956
70.4773, 2.2558
70.4973, 2.2491
70.5173, 0.0000
70.5373, 0.9716
70.5573, 1.5005
70.5773, 1.2060
70.5973, 1.6791
70.6173, 2.1923
70.6373, 2.9460
70.6573, 0.4809
70.6773, 1.9395
70.6973, 2.6536
70.7173, 1.0322
70.7374, 1.7571
70.7574, 2.4108
70.7774, 1.9594
70.7974, 2.6166
70.8174, 2.0421
70.8374, 1.6391
70.8574, 0.7857
70.8774, 2.1933
70.8974, 2.0474
70.9174, 0.9640
70.9374, 2.5253
70.9574, 3.2052
70.9774, 1.2939
70.9974, 1.2269
71.0174, 1.1907
71.0374, 0.2842
71.0574, 3.9354
71.0775, 1.5033
71.0975, 1.0973
71.1175, 0.8313
71.1375, 1.5637
71.1575, 1.2591
71.1775, 3.3739
71.1975, 0.7104
71.2175, 0.4231
71.2375, 2.4953
71.2575, 1.8420
71.2775, 1.7273
71.2975, 2.5030
71.3175, 2.0838
71.3375, 1.9019
71.3575, 0.5548
71.3775, 0.2946
71.3975, 1.2539
71.4175, 0.8733
71.4376, 2.2151
71.4576, 0.1652
71.4776, 1.5050
71.4976, 1.7767
71.5176, 1.9090
71.5376, 2.3438
71.5576, 1.6246
71.5776, 1.2866
71.5976, 3.1820
71.6176, 1.6310
71.6376, 3.3551
71.6576, 1.6260
71.6776, 1.9321
71.6976, 1.8107
71.7176, 2.1775
71.7376, 1.5321
71.7576, 2.0436
71.7777, 3.4658
71.7977, 2.9880
71.8177, 2.9948
71.8377, 0.6180
71.8577, 0.7784
71.8777, 2.1641
71.8977, 2.7123
71.9177, 1.4336
71.9377, 1.2567
71.9577, 3.3300
71.9777, 2.6282
71.9977, 2.9971
72.0177, 1.5106
72.0377, 1.4328
72.0577, 2.8889
72.0777, 1.6878
72.0977, 1.3427
72.1177, 1.0430
72.1378, 1.4414
72.1578, 2.8158
72.1778, 0.4517
72.1978, 2.5719
72.2178, 1.2462
72.2378, 1.7398
72.2578, 1.8033
72.2778, 1.7294
72.2978, 1.6636
72.3178, 1.5078
72.3378, 1.3818
72.3578, 3.2566
72.3778, 1.9731
72.3978, 1.8234
72.4178, 1.3092
72.4378, 1.5439
72.4578, 1.3127
72.4779, 2.7070
72.4979, 1.2012
72.5179, 0.0000
72.5379, 2.0061
72.5579, 1.6713
72.5779, 1.3676
72.5979, 2.8519
72.6179, 0.0000
72.6379, 3.5108
72.6579, 2.9938
72.6779, 1.3257
72.6979, 1.5014
72.7179, 2.4483
72.7379, 2.4749
72.7579, 1.3199
72.7779, 0.3455
72.7979, 4.0436
72.8179, 2.8961
72.8380, 2.1038
72.8580, 2.1225
72.8780, 2.5642
72.8980, 2.6829
72.9180, 0.0000
72.9380, 1.6004
72.9580, 1.4974
72.9780, 1.7882
72.9980, 2.7124
73.0180, 0.1737
73.0380, 0.6108
73.0580, 1.2724
73.0780, 2.1013
73.0980, 2.7732
73.1180, 3.5655
73.1380, 1.6647
73.1580, 2.7725
73.1781, 2.6549
73.1981, 2.4922
73.2181, 1.9413
73.2381, 1.5912
73.2581, 0.9756
73.2781, 0.9931
73.2981, 2.6030
73.3181, 2.4352
73.3381, 2.4156
73.3581, 3.9419
73.3781, 3.6413
73.3981, 3.5470
73.4181, 4.7790
73.4381, 6.3339
73.4581, 4.7835
73.4781, 6.0303
73.4981, 5.5345
73.5181, 4.3895
73.5382, 4.2760
73.5582, 2.3939
73.5782, 3.4887
73.5982, 1.5507
73.6182, 3.6067
73.6382, 2.2034
73.6582, 1.5696
73.6782, 3.1942
73.6982, 0.9706
73.7182, 1.2271
73.7382, 0.1432
73.7582, 3.2496
73.7782, 3.8060
73.7982, 0.2896
73.8182, 1.1397
73.8382, 2.0175
73.8582, 1.4371
73.8783, 1.9172
73.8983, 1.8317
73.9183, 2.3523
73.9383, 0.9956
73.9583, 2.1393
73.9783, 0.8418
73.9983, 1.5400
74.0183, 0.2266
74.0383, 1.5472
74.0583, 1.3805
74.0783, 2.8837
74.0983, 1.8895
74.1183, 2.0697
74.1383, 1.9260
74.1583, 0.0000
74.1783, 0.0000
74.1983, 1.6324
74.2183, 2.2244
74.2384, 1.7154
74.2584, 1.0917
74.2784, 1.7100
74.2984, 1.6240
74.3184, 2.7205
74.3384, 2.6650
74.3584, 1.3997
74.3784, 1.8988
74.3984, 2.2221
74.4184, 2.3692
74.4384, 3.5865
74.4584, 1.9204
74.4784, 3.1069
74.4984, 0.7982
74.5184, 1.3161
74.5384, 0.0000
74.5584, 2.0983
74.5785, 2.5902
74.5985, 0.0000
74.6185, 2.1349
74.6385, 2.5472
74.6585, 2.4908
74.6785, 0.7628
74.6985, 2.7147
74.7185, 1.9575
74.7385, 2.5342
74.7585, 1.8235
74.7785, 2.3260
74.7985, 3.0479
74.8185, 1.7460
74.8385, 2.2299
74.8585, 3.1872
74.8785, 1.8162
74.8985, 0.8326
74.9185, 2.6184
74.9386, 3.3707
74.9586, 3.2259
74.9786, 2.6571
74.9986, 0.0000
75.0186, 1.3179
75.0386, 1.3687
75.0586, 1.9927
75.0786, 3.6219
75.0986, 0.8771
75.1186, 4.1710
75.1386, 1.5693
75.1586, 1.1880
75.1786, 2.7861
75.1986, 2.8646
75.2186, 2.5926
75.2386, 1.1855
75.2586, 2.4459
75.2787, 0.9237
75.2987, 1.1579
75.3187, 1.8542
75.3387, 1.1354
75.3587, 2.9919
75.3787, 1.3751
75.3987, 1.7297
75.4187, 1.0757
75.4387, 2.9769
75.4587, 1.2879
75.4787, 3.0804
75.4987, 3.0075
75.5187, 1.5062
75.5387, 1.9777
75.5587, 1.4787
75.5787, 2.4893
75.5987, 1.7555
75.6187, 1.5344
75.6388, 1.9940
75.6588, 0.3798
75.6788, 1.8731
75.6988, 2.5922
75.7188, 2.0851
75.7388, 2.8917
75.7588, 1.5742
75.7788, 1.4930
75.7988, 0.8406
75.8188, 1.5460
75.8388, 3.8971
75.8588, 2.2214
75.8788, 1.3678
75.8988, 0.9509
75.9188, 0.3636
75.9388, 1.1251
75.9588, 2.7009
75.9789, 1.5249
75.9989, 0.9984
76.0189, 1.1074
76.0389, 2.5921
76.0589, 1.8677
76.0789, 1.3265
76.0989, 1.6426
76.1189, 4.1350
76.1389, 3.1573
76.1589, 3.4042
76.1789, 0.2114
76.1989, 1.7985
76.2189, 1.3091
76.2389, 2.4874
76.2589, 2.9989
76.2789, 2.2719
76.2989, 1.0834
76.3189, 1.2930
76.3390, 2.5635
76.3590, 2.6621
76.3790, 2.0880
76.3990, 2.0769
76.4190, 1.9980
76.4390, 2.2150
76.4590, 2.6580
76.4790, 2.5730
76.4990, 1.9716
76.5190, 1.8996
76.5390, 1.8617
76.5590, 1.1747
76.5790, 1.1621
76.5990, 2.4875
76.6190, 1.2416
76.6390, 2.7551
76.6590, 1.8974
76.6791, 2.7608
76.6991, 2.5797
76.7191, 2.7839
76.7391, 1.4760
76.7591, 2.3536
76.7791, 2.6798
76.7991, 0.4104
76.8191, 3.6352
76.8391, 4.1946
76.8591, 2.8873
76.8791, 2.7472
76.8991, 2.5319
76.9191, 1.6276
76.9391, 1.8391
76.9591, 2.9043
76.9791, 0.9835
76.9991, 0.8968
77.0191, 1.5544
77.0392, 2.5988
77.0592, 1.0898
77.0792, 1.7248
77.0992, 1.8425
77.1192, 0.9452
77.1392, 0.0000
77.1592, 0.9307
77.1792, 2.2069
77.1992, 2.4302
77.2192, 2.4383
77.2392, 2.5526
77.2592, 1.3273
77.2792, 1.1149
77.2992, 2.3201
77.3192, 1.7384
77.3392, 2.8475
77.3592, 2.3263
77.3793, 3.2210
77.3993, 1.4868
77.4193, 3.0065
77.4393, 3.9653
77.4593, 2.0015
77.4793, 2.4432
77.4993, 1.0258
77.5193, 2.8346
77.5393, 3.0675
77.5593, 1.4581
77.5793, 2.5293
77.5993, 2.2263
77.6193, 2.3357
77.6393, 2.7532
77.6593, 2.4627
77.6793, 1.8105
77.6993, 2.7743
77.7193, 3.0505
77.7394, 1.3989
77.7594, 1.9465
77.7794, 0.1949
77.7994, 2.5268
77.8194, 3.1608
77.8394, 1.6932
77.8594, 2.0805
77.8794, 1.7300
77.8994, 1.5677
77.9194, 2.1784
77.9394, 1.1708
77.9594, 1.7150
77.9794, 1.0516
77.9994, 2.5322
78.0194, 2.1854
78.0394, 1.5208
78.0594, 1.9850
78.0795, 1.7295
78.0995, 3.0822
78.1195, 1.5111
78.1395, 2.5778
78.1595, 1.2492
78.1795, 2.7554
78.1995, 2.9766
78.2195, 3.0234
78.2395, 3.4065
78.2595, 2.2382
78.2795, 3.1755
78.2995, 3.5584
78.3195, 0.8359
78.3395, 1.3503
78.3595, 0.4655
78.3795, 3.0002
78.3995, 0.4528
78.4195, 0.1839
78.4396, 0.8604
78.4596, 0.2250
78.4796, 2.2181
78.4996, 0.8731
78.5196, 0.2726
78.5396, 1.9068
78.5596, 1.9652
78.5796, 0.0947
78.5996, 1.2408
78.6196, 1.8743
78.6396, 1.5945
78.6596, 1.6216
78.6796, 3.1173
78.6996, 4.0762
78.7196, 1.6377
78.7396, 0.6379
78.7596, 1.7157
78.7797, 2.1409
78.7997, 1.8955
78.8197, 2.5537
78.8397, 4.1410
78.8597, 0.2500
78.8797, 1.4456
78.8997, 3.4760
78.9197, 1.4307
78.9397, 2.7309
78.9597, 2.5737
78.9797, 3.1744
78.9997, 3.8450
79.0197, 2.2785
79.0397, 0.2176
79.0597, 1.2539
79.0797, 4.1154
79.0997, 0.5463
79.1197, 2.4408
79.1398, 0.0000
79.1598, 0.6088
79.1798, 2.8275
79.1998, 1.9839
79.2198, 1.5751
79.2398, 1.1410
79.2598, 0.0000
79.2798, 2.6357
79.2998, 1.6676
79.3198, 0.4396
79.3398, 1.9782
79.3598, 2.5245
79.3798, 1.7493
79.3998, 2.0633
79.4198, 1.9861
79.4398, 1.2476
79.4598, 2.0021
79.4799, 2.6771
79.4999, 2.9739
79.5199, 2.7321
79.5399, 1.2790
79.5599, 2.5790
79.5799, 2.4097
79.5999, 1.2447
79.6199, 1.4880
79.6399, 2.6221
79.6599, 3.3132
79.6799, 0.1523
79.6999, 3.5741
79.7199, 3.1023
79.7399, 2.1457
79.7599, 1.7096
79.7799, 2.3353
79.7999, 1.3133
79.8199, 1.7721
79.8400, 0.4860
79.8600, 0.2218
79.8800, 4.2603
79.9000, 2.0108
79.9200, 2.1502
79.9400, 1.9178
79.9600, 1.1277
79.9800, 1.6439
80.0000, 2.0387
