##NAMES=Quartz Annealed Sample 01
##RRUFFID=SYN000001
##SOURCE=Synthetic — systematic FWHM broadening demo
##X-RAY WAVELENGTH=1.54056
##FWHM_NOMINAL=0.0800
##END=
10.0000, 2.3146
10.0200, 0.9546
10.0400, 2.7655
10.0600, 2.9577
10.0800, 0.0332
10.1000, 0.6894
10.1200, 2.1357
10.1400, 1.6866
10.1600, 1.9895
10.1801, 1.1437
10.2001, 2.8959
10.2201, 2.7931
10.2401, 2.0732
10.2601, 3.1465
10.2801, 2.4793
10.3001, 1.1374
10.3201, 2.3794
10.3401, 1.0366
10.3601, 2.8949
10.3801, 1.9560
10.4001, 1.8195
10.4201, 1.3178
10.4401, 3.2429
10.4601, 1.8502
10.4801, 1.5732
10.5001, 1.6503
10.5201, 2.5448
10.5402, 2.3761
10.5602, 2.4239
10.5802, 2.4422
10.6002, 4.1725
10.6202, 1.5954
10.6402, 1.4884
10.6602, 1.1834
10.6802, 2.6295
10.7002, 3.1483
10.7202, 1.8912
10.7402, 1.1567
10.7602, 1.1726
10.7802, 2.6645
10.8002, 2.7582
10.8202, 2.5558
10.8402, 1.3333
10.8602, 2.2413
10.8803, 2.1245
10.9003, 2.2276
10.9203, 2.8878
10.9403, 2.2326
10.9603, 2.6931
10.9803, 2.0748
11.0003, 2.2989
11.0203, 2.6449
11.0403, 0.5327
11.0603, 1.6831
11.0803, 1.5307
11.1003, 1.3603
11.1203, 1.7282
11.1403, 3.5184
11.1603, 1.1307
11.1803, 2.9858
11.2003, 0.3044
11.2203, 1.6677
11.2404, 2.1711
11.2604, 2.5994
11.2804, 2.7258
11.3004, 2.8088
11.3204, 1.6537
11.3404, 1.5388
11.3604, 2.8742
11.3804, 1.8130
11.4004, 0.7162
11.4204, 0.8602
11.4404, 1.0765
11.4604, 2.5093
11.4804, 2.1505
11.5004, 2.7048
11.5204, 1.5743
11.5404, 2.1668
11.5604, 2.6392
11.5805, 1.6936
11.6005, 2.4684
11.6205, 1.3370
11.6405, 1.6393
11.6605, 1.6204
11.6805, 0.7970
11.7005, 2.4990
11.7205, 1.5317
11.7405, 2.0191
11.7605, 2.4927
11.7805, 2.4581
11.8005, 2.6794
11.8205, 1.9068
11.8405, 1.5783
11.8605, 1.9258
11.8805, 0.2999
11.9005, 0.5428
11.9205, 0.6687
11.9406, 0.9978
11.9606, 2.4108
11.9806, 1.0906
12.0006, 1.6240
12.0206, 3.3205
12.0406, 1.6461
12.0606, 2.7524
12.0806, 1.0622
12.1006, 1.7987
12.1206, 1.0456
12.1406, 1.6635
12.1606, 2.8563
12.1806, 0.2594
12.2006, 2.4458
12.2206, 2.2469
12.2406, 1.4055
12.2606, 0.5439
12.2807, 2.0794
12.3007, 1.4709
12.3207, 2.2418
12.3407, 2.0285
12.3607, 3.6265
12.3807, 1.7644
12.4007, 0.9713
12.4207, 2.1878
12.4407, 2.2290
12.4607, 3.3811
12.4807, 2.8511
12.5007, 2.3674
12.5207, 3.4864
12.5407, 0.8041
12.5607, 1.3594
12.5807, 1.0693
12.6007, 1.6122
12.6207, 0.6141
12.6408, 2.6488
12.6608, 1.7817
12.6808, 0.5189
12.7008, 0.9793
12.7208, 2.3235
12.7408, 2.8541
12.7608, 4.0260
12.7808, 4.9535
12.8008, 2.4256
12.8208, 1.0056
12.8408, 0.0000
12.8608, 2.2772
12.8808, 1.1842
12.9008, 1.5864
12.9208, 1.3874
12.9408, 1.8641
12.9608, 3.0846
12.9809, 2.1653
13.0009, 1.8460
13.0209, 0.9590
13.0409, 0.3127
13.0609, 1.5146
13.0809, 1.9521
13.1009, 3.7945
13.1209, 2.1382
13.1409, 3.0004
13.1609, 1.5015
13.1809, 0.8080
13.2009, 1.0303
13.2209, 1.2729
13.2409, 4.1592
13.2609, 1.1757
13.2809, 2.8545
13.3009, 1.0932
13.3209, 2.9486
13.3410, 2.3958
13.3610, 1.8480
13.3810, 1.9652
13.4010, 1.3442
13.4210, 2.4576
13.4410, 1.5463
13.4610, 0.7669
13.4810, 0.7139
13.5010, 2.1810
13.5210, 3.6036
13.5410, 2.1683
13.5610, 1.8865
13.5810, 2.2955
13.6010, 3.3273
13.6210, 2.2283
13.6410, 1.5908
13.6610, 3.1254
13.6811, 2.4401
13.7011, 3.5597
13.7211, 2.1918
13.7411, 0.7680
13.7611, 0.6227
13.7811, 3.6762
13.8011, 3.7498
13.8211, 1.8249
13.8411, 1.6189
13.8611, 3.4846
13.8811, 0.8868
13.9011, 1.1015
13.9211, 2.6571
13.9411, 1.6073
13.9611, 2.0013
13.9811, 1.8411
14.0011, 2.3479
14.0211, 3.4300
14.0412, 2.0981
14.0612, 2.6577
14.0812, 0.0000
14.1012, 1.9572
14.1212, 1.1536
14.1412, 0.7737
14.1612, 1.1183
14.1812, 1.6685
14.2012, 2.9328
14.2212, 0.6649
14.2412, 2.0374
14.2612, 1.5168
14.2812, 1.6750
14.3012, 3.0206
14.3212, 2.5507
14.3412, 3.3591
14.3612, 1.8502
14.3813, 1.3026
14.4013, 1.7800
14.4213, 2.2517
14.4413, 2.1850
14.4613, 0.9097
14.4813, 2.0980
14.5013, 2.2373
14.5213, 4.5526
14.5413, 3.9047
14.5613, 1.1435
14.5813, 1.7158
14.6013, 0.5263
14.6213, 1.4090
14.6413, 2.3257
14.6613, 3.2261
14.6813, 1.2690
14.7013, 1.3448
14.7213, 0.0000
14.7414, 1.8419
14.7614, 0.9319
14.7814, 1.4710
14.8014, 1.1196
14.8214, 1.9111
14.8414, 0.2287
14.8614, 0.5227
14.8814, 4.1600
14.9014, 0.7043
14.9214, 0.8972
14.9414, 3.8643
14.9614, 4.9447
14.9814, 0.8215
15.0014, 1.6340
15.0214, 2.3519
15.0414, 3.7549
15.0614, 1.0083
15.0815, 1.7584
15.1015, 2.7927
15.1215, 2.4462
15.1415, 1.6260
15.1615, 1.8711
15.1815, 0.6159
15.2015, 1.7656
15.2215, 1.7370
15.2415, 2.2413
15.2615, 1.4448
15.2815, 2.4834
15.3015, 3.0307
15.3215, 2.1637
15.3415, 2.3622
15.3615, 2.0602
15.3815, 2.0065
15.4015, 1.2767
15.4215, 2.3266
15.4416, 1.9081
15.4616, 4.1235
15.4816, 3.5977
15.5016, 2.3967
15.5216, 1.2347
15.5416, 0.8813
15.5616, 3.2112
15.5816, 2.2722
15.6016, 2.4921
15.6216, 0.2420
15.6416, 2.9445
15.6616, 2.4661
15.6816, 0.8834
15.7016, 1.5295
15.7216, 2.2732
15.7416, 2.0595
15.7616, 1.7109
15.7817, 1.9018
15.8017, 1.7516
15.8217, 2.1608
15.8417, 3.4947
15.8617, 0.0000
15.8817, 1.7669
15.9017, 2.1850
15.9217, 2.3058
15.9417, 1.6303
15.9617, 0.2297
15.9817, 2.3382
16.0017, 3.7535
16.0217, 0.4551
16.0417, 2.8801
16.0617, 1.6742
16.0817, 1.9444
16.1017, 0.9415
16.1217, 1.6682
16.1418, 3.3213
16.1618, 2.5957
16.1818, 3.7585
16.2018, 3.1973
16.2218, 2.4505
16.2418, 3.7703
16.2618, 2.4504
16.2818, 2.8439
16.3018, 1.7065
16.3218, 2.0738
16.3418, 1.3011
16.3618, 3.0073
16.3818, 0.8147
16.4018, 2.7977
16.4218, 1.8136
16.4418, 3.1911
16.4618, 2.7659
16.4819, 3.8479
16.5019, 2.7456
16.5219, 0.4165
16.5419, 1.9387
16.5619, 0.8211
16.5819, 1.4823
16.6019, 3.5349
16.6219, 2.6513
16.6419, 1.2995
16.6619, 0.9812
16.6819, 2.0396
16.7019, 0.7760
16.7219, 1.3277
16.7419, 2.3220
16.7619, 3.1749
16.7819, 2.6222
16.8019, 0.0000
16.8219, 2.3143
16.8420, 2.0793
16.8620, 2.4251
16.8820, 3.6411
16.9020, 0.0000
16.9220, 1.4086
16.9420, 2.6041
16.9620, 0.4068
16.9820, 3.4992
17.0020, 2.3790
17.0220, 2.8627
17.0420, 1.4290
17.0620, 2.8295
17.0820, 3.0871
17.1020, 2.2420
17.1220, 2.2435
17.1420, 2.2799
17.1620, 1.1333
17.1821, 1.8572
17.2021, 1.8522
17.2221, 2.3942
17.2421, 3.0177
17.2621, 0.9358
17.2821, 1.8800
17.3021, 3.5048
17.3221, 1.2544
17.3421, 1.1748
17.3621, 2.2111
17.3821, 2.8605
17.4021, 2.0180
17.4221, 3.3506
17.4421, 2.8730
17.4621, 2.8579
17.4821, 2.5669
17.5021, 4.3607
17.5221, 1.7989
17.5422, 0.0000
17.5622, 3.6290
17.5822, 1.5435
17.6022, 2.1156
17.6222, 3.3309
17.6422, 0.3859
17.6622, 0.7405
17.6822, 0.3869
17.7022, 1.2033
17.7222, 2.4511
17.7422, 2.5366
17.7622, 2.2859
17.7822, 0.5776
17.8022, 0.0000
17.8222, 2.0614
17.8422, 1.5293
17.8622, 2.4711
17.8823, 2.7164
17.9023, 2.1463
17.9223, 2.7753
17.9423, 2.2383
17.9623, 2.5426
17.9823, 1.2937
18.0023, 1.8248
18.0223, 2.2055
18.0423, 2.8363
18.0623, 1.6082
18.0823, 2.5336
18.1023, 1.7376
18.1223, 1.8876
18.1423, 2.8454
18.1623, 0.0000
18.1823, 0.6952
18.2023, 0.5074
18.2223, 0.0000
18.2424, 1.3204
18.2624, 2.7644
18.2824, 1.7183
18.3024, 2.2065
18.3224, 3.1081
18.3424, 3.3493
18.3624, 1.9365
18.3824, 3.3755
18.4024, 2.0996
18.4224, 1.1595
18.4424, 1.4053
18.4624, 0.5090
18.4824, 1.1082
18.5024, 1.6443
18.5224, 2.8192
18.5424, 3.7468
18.5624, 0.6085
18.5825, 2.4038
18.6025, 0.9540
18.6225, 2.4866
18.6425, 1.8739
18.6625, 0.1547
18.6825, 2.9453
18.7025, 1.3945
18.7225, 1.4665
18.7425, 0.9245
18.7625, 1.3447
18.7825, 2.4392
18.8025, 1.8150
18.8225, 2.3389
18.8425, 2.3725
18.8625, 3.3422
18.8825, 1.6598
18.9025, 0.5127
18.9225, 3.0858
18.9426, 1.6712
18.9626, 3.1338
18.9826, 2.3942
19.0026, 1.8738
19.0226, 2.3592
19.0426, 3.9797
19.0626, 4.1071
19.0826, 2.0766
19.1026, 2.1685
19.1226, 3.0950
19.1426, 1.1511
19.1626, 2.3433
19.1826, 1.9803
19.2026, 2.3239
19.2226, 1.1636
19.2426, 0.3987
19.2626, 0.0000
19.2827, 0.8763
19.3027, 1.5425
19.3227, 1.7099
19.3427, 3.9658
19.3627, 3.1251
19.3827, 1.0334
19.4027, 2.3581
19.4227, 1.5947
19.4427, 1.7188
19.4627, 2.1939
19.4827, 2.6327
19.5027, 1.6633
19.5227, 3.0824
19.5427, 0.8515
19.5627, 2.0129
19.5827, 4.6338
19.6027, 2.2321
19.6227, 3.4560
19.6428, 2.0990
19.6628, 2.5938
19.6828, 1.9490
19.7028, 1.8341
19.7228, 1.2181
19.7428, 2.4417
19.7628, 1.1452
19.7828, 2.6796
19.8028, 3.1041
19.8228, 2.3772
19.8428, 1.7169
19.8628, 2.4656
19.8828, 1.6943
19.9028, 2.9527
19.9228, 0.1542
19.9428, 1.6670
19.9628, 0.0000
19.9829, 0.4943
20.0029, 3.3859
20.0229, 2.9118
20.0429, 1.2788
20.0629, 0.4868
20.0829, 0.0000
20.1029, 1.4568
20.1229, 4.4545
20.1429, 2.4463
20.1629, 1.4405
20.1829, 2.4768
20.2029, 0.4277
20.2229, 1.7057
20.2429, 2.1071
20.2629, 1.9194
20.2829, 2.8063
20.3029, 2.3550
20.3229, 2.6824
20.3430, 1.3102
20.3630, 2.9145
20.3830, 3.6540
20.4030, 1.0252
20.4230, 1.1086
20.4430, 3.3575
20.4630, 1.8129
20.4830, 3.4263
20.5030, 1.5589
20.5230, 3.4781
20.5430, 2.1394
20.5630, 2.2676
20.5830, 3.5890
20.6030, 1.6406
20.6230, 1.0546
20.6430, 1.5528
20.6630, 2.4639
20.6831, 0.4229
20.7031, 2.6516
20.7231, 1.4666
20.7431, 3.2130
20.7631, 0.0000
20.7831, 2.5252
20.8031, 4.4929
20.8231, 10.6237
20.8431, 17.3265
20.8631, 18.8090
20.8831, 15.2825
20.9031, 9.4682
20.9231, 5.2478
20.9431, 1.8411
20.9631, 2.8915
20.9831, 2.7006
21.0031, 2.3983
21.0231, 2.5695
21.0432, 2.3063
21.0632, 4.0647
21.0832, 1.9184
21.1032, 1.6959
21.1232, 1.2443
21.1432, 0.9624
21.1632, 0.7478
21.1832, 1.1075
21.2032, 1.9350
21.2232, 2.3446
21.2432, 2.0582
21.2632, 1.2322
21.2832, 2.9169
21.3032, 2.7543
21.3232, 1.8450
21.3432, 1.3461
21.3632, 2.5611
21.3833, 2.1966
21.4033, 0.5418
21.4233, 1.9377
21.4433, 2.2715
21.4633, 1.0965
21.4833, 2.1985
21.5033, 0.5350
21.5233, 3.3579
21.5433, 3.2686
21.5633, 1.7511
21.5833, 2.3740
21.6033, 0.0000
21.6233, 0.8369
21.6433, 1.7093
21.6633, 0.9221
21.6833, 2.7290
21.7033, 4.0265
21.7233, 0.8164
21.7434, 1.1594
21.7634, 2.2446
21.7834, 3.6359
21.8034, 0.7701
21.8234, 2.2583
21.8434, 3.8485
21.8634, 0.3358
21.8834, 0.7108
21.9034, 1.5780
21.9234, 1.4799
21.9434, 2.8283
21.9634, 2.2509
21.9834, 0.2112
22.0034, 2.5277
22.0234, 1.4223
22.0434, 3.2954
22.0634, 1.3717
22.0835, 1.3626
22.1035, 2.5538
22.1235, 2.7781
22.1435, 2.4597
22.1635, 0.3016
22.1835, 2.5506
22.2035, 0.9603
22.2235, 2.2444
22.2435, 0.5665
22.2635, 2.4579
22.2835, 1.1906
22.3035, 0.7092
22.3235, 2.7284
22.3435, 2.2508
22.3635, 1.3855
22.3835, 3.4742
22.4035, 1.5608
22.4235, 2.0389
22.4436, 2.2784
22.4636, 1.3797
22.4836, 2.4830
22.5036, 1.4669
22.5236, 1.5901
22.5436, 3.3846
22.5636, 0.9540
22.5836, 0.0000
22.6036, 3.6358
22.6236, 4.5849
22.6436, 1.5966
22.6636, 0.0475
22.6836, 1.6924
22.7036, 1.7170
22.7236, 1.8144
22.7436, 0.8804
22.7636, 2.5926
22.7837, 2.5369
22.8037, 0.4950
22.8237, 2.7136
22.8437, 4.0825
22.8637, 2.1804
22.8837, 1.6653
22.9037, 1.8628
22.9237, 2.6287
22.9437, 0.2560
22.9637, 2.1727
22.9837, 1.6115
23.0037, 3.8754
23.0237, 1.8303
23.0437, 3.6934
23.0637, 0.8901
23.0837, 2.6004
23.1037, 2.3295
23.1237, 1.1275
23.1438, 2.1859
23.1638, 3.2328
23.1838, 1.6790
23.2038, 0.2952
23.2238, 1.9887
23.2438, 1.0937
23.2638, 1.6602
23.2838, 1.9239
23.3038, 0.2813
23.3238, 0.3724
23.3438, 2.4940
23.3638, 1.4778
23.3838, 0.0000
23.4038, 2.8002
23.4238, 2.2819
23.4438, 1.2844
23.4638, 0.6746
23.4839, 2.8518
23.5039, 2.3598
23.5239, 4.4162
23.5439, 2.4314
23.5639, 2.3986
23.5839, 1.8376
23.6039, 2.8325
23.6239, 2.6387
23.6439, 3.2725
23.6639, 1.4792
23.6839, 1.5661
23.7039, 1.5219
23.7239, 2.8063
23.7439, 3.5219
23.7639, 1.5424
23.7839, 1.5768
23.8039, 2.3241
23.8239, 1.7579
23.8440, 2.9694
23.8640, 0.0000
23.8840, 1.1703
23.9040, 1.2151
23.9240, 0.0000
23.9440, 1.0318
23.9640, 1.0809
23.9840, 1.8030
24.0040, 3.1321
24.0240, 1.7586
24.0440, 0.9639
24.0640, 1.9488
24.0840, 3.0676
24.1040, 1.0194
24.1240, 1.0855
24.1440, 2.5714
24.1640, 1.7824
24.1841, 2.6613
24.2041, 1.9926
24.2241, 2.7161
24.2441, 0.9596
24.2641, 1.9942
24.2841, 1.7934
24.3041, 0.7767
24.3241, 0.4251
24.3441, 2.7000
24.3641, 1.6515
24.3841, 0.9725
24.4041, 1.9092
24.4241, 3.1473
24.4441, 0.0000
24.4641, 0.4927
24.4841, 1.0730
24.5041, 3.4843
24.5241, 2.2923
24.5442, 2.7825
24.5642, 0.8533
24.5842, 0.8741
24.6042, 2.4594
24.6242, 2.0654
24.6442, 2.5614
24.6642, 1.8166
24.6842, 2.2878
24.7042, 2.1664
24.7242, 2.7931
24.7442, 2.8227
24.7642, 0.3681
24.7842, 0.0000
24.8042, 3.0196
24.8242, 3.2077
24.8442, 0.9742
24.8642, 0.1254
24.8843, 2.1066
24.9043, 2.9479
24.9243, 3.8245
24.9443, 2.5286
24.9643, 1.6305
24.9843, 1.1031
25.0043, 2.0180
25.0243, 1.7038
25.0443, 0.9798
25.0643, 4.0786
25.0843, 3.8120
25.1043, 3.1555
25.1243, 1.0751
25.1443, 2.8712
25.1643, 2.6534
25.1843, 2.4540
25.2043, 3.2704
25.2243, 2.6491
25.2444, 2.7549
25.2644, 2.6506
25.2844, 2.3511
25.3044, 0.2025
25.3244, 2.0910
25.3444, 1.4439
25.3644, 0.7120
25.3844, 3.7074
25.4044, 3.7552
25.4244, 3.3812
25.4444, 2.2646
25.4644, 3.3725
25.4844, 2.0186
25.5044, 2.2116
25.5244, 0.9005
25.5444, 2.4080
25.5644, 2.0675
25.5845, 0.6889
25.6045, 1.9547
25.6245, 1.9258
25.6445, 3.8245
25.6645, 2.9109
25.6845, 2.0180
25.7045, 2.2581
25.7245, 2.0512
25.7445, 1.8012
25.7645, 0.9117
25.7845, 1.8537
25.8045, 1.2518
25.8245, 0.7419
25.8445, 2.5235
25.8645, 2.4022
25.8845, 0.1994
25.9045, 1.8824
25.9245, 3.0135
25.9446, 3.0778
25.9646, 3.0440
25.9846, 2.0458
26.0046, 1.1518
26.0246, 0.9104
26.0446, 2.3550
26.0646, 2.3901
26.0846, 3.3085
26.1046, 3.1190
26.1246, 1.8727
26.1446, 0.7481
26.1646, 1.6837
26.1846, 2.2262
26.2046, 1.8021
26.2246, 1.4220
26.2446, 2.2622
26.2646, 1.4967
26.2847, 1.3712
26.3047, 2.3215
26.3247, 1.5999
26.3447, 2.2533
26.3647, 2.2828
26.3847, 0.8540
26.4047, 1.5197
26.4247, 3.4606
26.4447, 0.8311
26.4647, 0.0000
26.4847, 0.1241
26.5047, 2.0466
26.5247, 2.1496
26.5447, 2.7123
26.5647, 7.5350
26.5847, 15.1555
26.6047, 43.7183
26.6247, 79.6964
26.6448, 100.0000
26.6648, 92.9080
26.6848, 60.6719
26.7048, 28.4524
26.7248, 10.5756
26.7448, 5.4973
26.7648, 4.1977
26.7848, 1.7050
26.8048, 3.9363
26.8248, 2.0426
26.8448, 3.7801
26.8648, 1.9121
26.8848, 2.1390
26.9048, 2.3761
26.9248, 5.2216
26.9448, 2.8674
26.9648, 1.2911
26.9849, 2.9865
27.0049, 1.6405
27.0249, 1.5111
27.0449, 2.9254
27.0649, 2.0379
27.0849, 2.2882
27.1049, 2.0206
27.1249, 2.3469
27.1449, 2.4363
27.1649, 0.0474
27.1849, 2.6806
27.2049, 1.0132
27.2249, 0.5477
27.2449, 1.9474
27.2649, 2.0914
27.2849, 1.3050
27.3049, 2.8470
27.3249, 0.6490
27.3450, 1.5949
27.3650, 1.4149
27.3850, 1.9593
27.4050, 2.2885
27.4250, 0.9871
27.4450, 2.7390
27.4650, 2.0702
27.4850, 0.0929
27.5050, 0.0255
27.5250, 1.9940
27.5450, 1.7830
27.5650, 1.9018
27.5850, 1.9781
27.6050, 2.2346
27.6250, 2.9649
27.6450, 0.8827
27.6650, 0.8211
27.6851, 0.9007
27.7051, 2.2987
27.7251, 3.2656
27.7451, 1.5702
27.7651, 0.0000
27.7851, 0.2830
27.8051, 1.1639
27.8251, 1.4424
27.8451, 1.5934
27.8651, 2.0455
27.8851, 1.6911
27.9051, 3.0678
27.9251, 1.3227
27.9451, 1.1343
27.9651, 2.4908
27.9851, 0.4533
28.0051, 2.4006
28.0252, 2.1102
28.0452, 1.8573
28.0652, 3.6128
28.0852, 1.3771
28.1052, 4.0902
28.1252, 1.7784
28.1452, 0.7149
28.1652, 2.0772
28.1852, 0.9179
28.2052, 1.2461
28.2252, 2.4080
28.2452, 2.5684
28.2652, 1.3772
28.2852, 3.0051
28.3052, 3.1772
28.3252, 3.4591
28.3452, 2.5419
28.3652, 3.3854
28.3853, 0.1042
28.4053, 1.6849
28.4253, 1.1296
28.4453, 2.1270
28.4653, 1.4285
28.4853, 1.8384
28.5053, 3.9101
28.5253, 1.8348
28.5453, 2.4250
28.5653, 1.7715
28.5853, 2.0830
28.6053, 2.0125
28.6253, 2.4599
28.6453, 3.1850
28.6653, 3.6726
28.6853, 2.3196
28.7053, 2.6027
28.7254, 0.8425
28.7454, 1.9176
28.7654, 2.9575
28.7854, 2.8823
28.8054, 2.2205
28.8254, 2.9030
28.8454, 2.5028
28.8654, 3.2204
28.8854, 2.2991
28.9054, 1.6467
28.9254, 2.3461
28.9454, 0.0000
28.9654, 2.3937
28.9854, 0.0000
29.0054, 0.2633
29.0254, 2.4634
29.0454, 2.4894
29.0654, 0.8308
29.0855, 1.2862
29.1055, 3.3926
29.1255, 1.5169
29.1455, 4.2750
29.1655, 2.0045
29.1855, 2.4191
29.2055, 3.6418
29.2255, 2.1390
29.2455, 0.9927
29.2655, 1.8955
29.2855, 1.9704
29.3055, 0.6261
29.3255, 1.7477
29.3455, 1.2558
29.3655, 2.9413
29.3855, 2.0415
29.4055, 1.7204
29.4256, 1.8991
29.4456, 2.2321
29.4656, 2.6303
29.4856, 0.9953
29.5056, 0.9530
29.5256, 3.1237
29.5456, 1.5894
29.5656, 0.5734
29.5856, 2.4553
29.6056, 2.4751
29.6256, 0.4583
29.6456, 2.2385
29.6656, 2.7504
29.6856, 2.3851
29.7056, 2.6456
29.7256, 0.5862
29.7456, 2.3413
29.7656, 1.7004
29.7857, 1.5182
29.8057, 2.8869
29.8257, 3.5026
29.8457, 3.8213
29.8657, 3.3363
29.8857, 1.8955
29.9057, 2.3632
29.9257, 2.7820
29.9457, 2.1290
29.9657, 2.1387
29.9857, 2.8396
30.0057, 1.9465
30.0257, 1.2688
30.0457, 1.5872
30.0657, 2.6476
30.0857, 2.0095
30.1057, 2.3505
30.1258, 2.6842
30.1458, 1.6273
30.1658, 2.7713
30.1858, 2.3896
30.2058, 0.7576
30.2258, 3.4652
30.2458, 1.5000
30.2658, 0.3325
30.2858, 0.9495
30.3058, 0.9738
30.3258, 2.0592
30.3458, 1.7295
30.3658, 1.6658
30.3858, 2.6332
30.4058, 2.3502
30.4258, 2.3261
30.4458, 2.4210
30.4658, 2.6296
30.4859, 0.0000
30.5059, 1.6379
30.5259, 0.0000
30.5459, 2.0429
30.5659, 2.0018
30.5859, 3.0639
30.6059, 3.2076
30.6259, 2.2115
30.6459, 1.5004
30.6659, 2.4971
30.6859, 1.4725
30.7059, 2.0050
30.7259, 3.0038
30.7459, 1.4423
30.7659, 2.8213
30.7859, 2.6916
30.8059, 1.0408
30.8260, 2.9915
30.8460, 2.7130
30.8660, 2.1095
30.8860, 1.2354
30.9060, 1.1374
30.9260, 1.4627
30.9460, 2.5552
30.9660, 1.0399
30.9860, 2.4490
31.0060, 0.7505
31.0260, 1.8001
31.0460, 2.1173
31.0660, 4.4795
31.0860, 0.6134
31.1060, 3.4953
31.1260, 2.1580
31.1460, 2.4223
31.1660, 2.1261
31.1861, 2.4562
31.2061, 1.8510
31.2261, 3.4771
31.2461, 1.5448
31.2661, 3.1516
31.2861, 1.3547
31.3061, 1.9455
31.3261, 0.9223
31.3461, 2.4667
31.3661, 3.4681
31.3861, 1.9282
31.4061, 1.8073
31.4261, 0.8791
31.4461, 1.7745
31.4661, 0.3955
31.4861, 1.0832
31.5061, 2.2358
31.5262, 3.3405
31.5462, 4.8477
31.5662, 1.4132
31.5862, 3.4581
31.6062, 2.2530
31.6262, 1.8535
31.6462, 2.4440
31.6662, 2.0691
31.6862, 2.1181
31.7062, 1.5935
31.7262, 0.5924
31.7462, 0.4452
31.7662, 2.6671
31.7862, 1.7266
31.8062, 1.4036
31.8262, 2.0151
31.8462, 2.8104
31.8662, 2.1889
31.8863, 1.3429
31.9063, 3.2467
31.9263, 3.6036
31.9463, 2.5066
31.9663, 2.9912
31.9863, 3.2626
32.0063, 3.1494
32.0263, 2.6276
32.0463, 2.6116
32.0663, 2.5320
32.0863, 0.8966
32.1063, 2.7152
32.1263, 0.6352
32.1463, 1.2028
32.1663, 3.3249
32.1863, 2.8563
32.2063, 3.5108
32.2264, 1.7317
32.2464, 0.8411
32.2664, 1.7633
32.2864, 2.1096
32.3064, 2.0863
32.3264, 3.1531
32.3464, 1.6411
32.3664, 2.3625
32.3864, 1.0065
32.4064, 2.4619
32.4264, 2.0096
32.4464, 1.2481
32.4664, 1.7679
32.4864, 1.8202
32.5064, 1.7332
32.5264, 3.7980
32.5464, 1.9069
32.5664, 1.7598
32.5865, 0.0000
32.6065, 1.1020
32.6265, 1.7404
32.6465, 1.3128
32.6665, 3.4039
32.6865, 1.8396
32.7065, 3.3096
32.7265, 2.0689
32.7465, 2.0441
32.7665, 1.9166
32.7865, 2.0103
32.8065, 3.7448
32.8265, 0.0000
32.8465, 0.0000
32.8665, 1.4571
32.8865, 2.0211
32.9065, 2.7044
32.9266, 2.4849
32.9466, 1.6178
32.9666, 3.0371
32.9866, 3.0484
33.0066, 2.1926
33.0266, 2.9801
33.0466, 2.2822
33.0666, 1.4386
33.0866, 2.7122
33.1066, 2.1183
33.1266, 2.0078
33.1466, 3.4962
33.1666, 0.0000
33.1866, 0.5726
33.2066, 0.8058
33.2266, 1.6390
33.2466, 1.7489
33.2666, 0.4819
33.2867, 1.0101
33.3067, 1.1358
33.3267, 4.4919
33.3467, 3.8287
33.3667, 1.5900
33.3867, 1.6387
33.4067, 0.8441
33.4267, 0.0766
33.4467, 1.8882
33.4667, 0.9972
33.4867, 1.9206
33.5067, 0.3880
33.5267, 1.2358
33.5467, 2.1568
33.5667, 2.3768
33.5867, 2.4287
33.6067, 0.6709
33.6268, 2.8709
33.6468, 1.1971
33.6668, 2.6465
33.6868, 1.9957
33.7068, 0.6144
33.7268, 1.6866
33.7468, 2.3760
33.7668, 2.6264
33.7868, 1.8639
33.8068, 3.5557
33.8268, 3.0255
33.8468, 1.7469
33.8668, 2.7651
33.8868, 3.9623
33.9068, 3.9893
33.9268, 0.7644
33.9468, 1.0693
33.9668, 3.5083
33.9869, 0.9361
34.0069, 0.6688
34.0269, 1.5147
34.0469, 2.4315
34.0669, 1.9029
34.0869, 1.3485
34.1069, 1.3245
34.1269, 1.2860
34.1469, 1.1169
34.1669, 4.3141
34.1869, 2.3074
34.2069, 2.9033
34.2269, 1.5118
34.2469, 1.8184
34.2669, 1.2848
34.2869, 0.0000
34.3069, 0.6127
34.3270, 0.1752
34.3470, 0.0000
34.3670, 0.7975
34.3870, 3.3465
34.4070, 1.9615
34.4270, 3.3117
34.4470, 2.4221
34.4670, 2.7979
34.4870, 1.0953
34.5070, 2.5364
34.5270, 2.7435
34.5470, 1.4232
34.5670, 2.5724
34.5870, 2.5791
34.6070, 1.4506
34.6270, 0.8709
34.6470, 0.8088
34.6670, 2.0939
34.6871, 2.3372
34.7071, 1.2049
34.7271, 2.0333
34.7471, 2.5835
34.7671, 2.6317
34.7871, 3.5760
34.8071, 3.2980
34.8271, 0.9937
34.8471, 3.7092
34.8671, 1.4694
34.8871, 3.0632
34.9071, 2.0752
34.9271, 1.5896
34.9471, 0.1781
34.9671, 1.8329
34.9871, 0.4293
35.0071, 2.9848
35.0272, 3.5405
35.0472, 1.2004
35.0672, 2.3119
35.0872, 1.2728
35.1072, 1.3708
35.1272, 2.7898
35.1472, 1.9675
35.1672, 3.7659
35.1872, 1.5187
35.2072, 3.0172
35.2272, 2.1050
35.2472, 2.8113
35.2672, 1.5542
35.2872, 1.9563
35.3072, 1.8896
35.3272, 1.1609
35.3472, 2.6761
35.3672, 2.6641
35.3873, 2.6068
35.4073, 3.5609
35.4273, 3.4723
35.4473, 1.6272
35.4673, 2.3838
35.4873, 1.3757
35.5073, 2.0301
35.5273, 1.3999
35.5473, 3.6450
35.5673, 2.3743
35.5873, 1.7859
35.6073, 3.2137
35.6273, 0.0000
35.6473, 0.0000
35.6673, 2.8114
35.6873, 2.0676
35.7073, 2.2598
35.7274, 0.6649
35.7474, 1.9829
35.7674, 4.0328
35.7874, 2.8400
35.8074, 2.1781
35.8274, 1.5624
35.8474, 1.6074
35.8674, 0.0000
35.8874, 2.2670
35.9074, 2.8616
35.9274, 0.4129
35.9474, 1.3375
35.9674, 0.8358
35.9874, 1.0301
36.0074, 2.0605
36.0274, 0.0000
36.0474, 2.6277
36.0674, 2.7689
36.0875, 1.7525
36.1075, 0.0000
36.1275, 0.9987
36.1475, 3.2534
36.1675, 0.0000
36.1875, 1.6550
36.2075, 0.8130
36.2275, 2.8202
36.2475, 1.3236
36.2675, 2.4150
36.2875, 2.5784
36.3075, 3.8636
36.3275, 1.8012
36.3475, 2.3868
36.3675, 0.5045
36.3875, 3.2108
36.4075, 1.2413
36.4276, 1.4728
36.4476, 2.1820
36.4676, 1.2523
36.4876, 4.6771
36.5076, 8.0743
36.5276, 9.8097
36.5476, 8.2277
36.5676, 7.6524
36.5876, 5.7649
36.6076, 1.2154
36.6276, 1.2081
36.6476, 2.9462
36.6676, 2.2865
36.6876, 2.4238
36.7076, 3.8872
36.7276, 2.4803
36.7476, 2.6718
36.7676, 4.7481
36.7877, 1.7902
36.8077, 1.1995
36.8277, 2.4391
36.8477, 2.4504
36.8677, 1.4737
36.8877, 0.9623
36.9077, 4.3426
36.9277, 2.3370
36.9477, 1.2658
36.9677, 2.9328
36.9877, 1.8961
37.0077, 1.7507
37.0277, 2.5751
37.0477, 0.6998
37.0677, 2.3631
37.0877, 3.9412
37.1077, 2.4779
37.1278, 1.6259
37.1478, 1.4936
37.1678, 1.5914
37.1878, 1.7496
37.2078, 1.6243
37.2278, 2.9332
37.2478, 0.2535
37.2678, 2.8783
37.2878, 1.6224
37.3078, 2.3877
37.3278, 0.8666
37.3478, 3.3502
37.3678, 3.2663
37.3878, 2.9770
37.4078, 0.4744
37.4278, 2.8450
37.4478, 2.4159
37.4678, 0.3829
37.4879, 1.9819
37.5079, 2.3751
37.5279, 2.5689
37.5479, 2.1857
37.5679, 2.3010
37.5879, 3.4969
37.6079, 3.2465
37.6279, 0.0000
37.6479, 1.6854
37.6679, 1.8399
37.6879, 0.2344
37.7079, 2.1017
37.7279, 3.2694
37.7479, 0.9075
37.7679, 2.3467
37.7879, 1.0802
37.8079, 1.3269
37.8280, 3.5007
37.8480, 1.4577
37.8680, 2.4739
37.8880, 0.1139
37.9080, 3.8900
37.9280, 2.6160
37.9480, 1.8219
37.9680, 2.5886
37.9880, 0.5805
38.0080, 3.2025
38.0280, 1.6788
38.0480, 1.8001
38.0680, 1.5092
38.0880, 1.4192
38.1080, 2.7090
38.1280, 2.2653
38.1480, 2.6656
38.1680, 1.9976
38.1881, 2.5255
38.2081, 1.5828
38.2281, 4.2616
38.2481, 0.4206
38.2681, 3.2818
38.2881, 3.3900
38.3081, 1.1446
38.3281, 4.2611
38.3481, 3.0133
38.3681, 2.9887
38.3881, 2.0348
38.4081, 1.7867
38.4281, 1.7947
38.4481, 2.4014
38.4681, 3.4236
38.4881, 2.1898
38.5081, 1.0846
38.5282, 2.8403
38.5482, 2.9381
38.5682, 2.6686
38.5882, 2.7605
38.6082, 1.7324
38.6282, 1.0669
38.6482, 1.1284
38.6682, 0.3523
38.6882, 2.2461
38.7082, 1.9220
38.7282, 1.5614
38.7482, 0.0000
38.7682, 0.7449
38.7882, 3.1401
38.8082, 1.3342
38.8282, 2.3712
38.8482, 0.5999
38.8682, 3.4616
38.8883, 1.8608
38.9083, 2.2998
38.9283, 4.3588
38.9483, 3.5402
38.9683, 1.6964
38.9883, 1.4065
39.0083, 1.6772
39.0283, 2.5222
39.0483, 1.9000
39.0683, 1.6067
39.0883, 3.4904
39.1083, 1.8909
39.1283, 4.3323
39.1483, 2.0982
39.1683, 3.8121
39.1883, 2.3678
39.2083, 2.9804
39.2284, 1.2736
39.2484, 1.1430
39.2684, 2.4714
39.2884, 3.0063
39.3084, 2.0472
39.3284, 0.7066
39.3484, 0.6423
39.3684, 0.6432
39.3884, 0.6110
39.4084, 3.4744
39.4284, 6.4635
39.4484, 7.7318
39.4684, 6.7352
39.4884, 7.8756
39.5084, 5.5454
39.5284, 5.7260
39.5484, 1.0211
39.5684, 1.7168
39.5885, 3.7479
39.6085, 2.4633
39.6285, 2.5763
39.6485, 2.1223
39.6685, 2.3402
39.6885, 2.7929
39.7085, 1.1877
39.7285, 2.8945
39.7485, 0.6178
39.7685, 2.3386
39.7885, 2.1872
39.8085, 1.3831
39.8285, 1.9835
39.8485, 1.3768
39.8685, 0.9225
39.8885, 1.6488
39.9085, 0.8899
39.9286, 2.3329
39.9486, 0.8432
39.9686, 2.7265
39.9886, 0.8115
40.0086, 1.4337
40.0286, 1.3747
40.0486, 3.3467
40.0686, 2.3405
40.0886, 1.7923
40.1086, 2.5109
40.1286, 0.0000
40.1486, 1.9639
40.1686, 4.0369
40.1886, 2.2105
40.2086, 2.4170
40.2286, 3.7387
40.2486, 5.7814
40.2686, 4.9268
40.2887, 6.3196
40.3087, 7.3957
40.3287, 4.4332
40.3487, 4.6884
40.3687, 2.0997
40.3887, 0.1384
40.4087, 0.7374
40.4287, 0.0000
40.4487, 1.7698
40.4687, 1.8159
40.4887, 1.5771
40.5087, 3.0976
40.5287, 3.2186
40.5487, 1.8341
40.5687, 0.0000
40.5887, 2.6308
40.6087, 2.5681
40.6288, 2.3194
40.6488, 2.9991
40.6688, 0.8283
40.6888, 4.0381
40.7088, 1.0361
40.7288, 2.7642
40.7488, 0.2999
40.7688, 1.0656
40.7888, 3.5401
40.8088, 1.7426
40.8288, 2.8560
40.8488, 2.2461
40.8688, 1.9003
40.8888, 3.3859
40.9088, 1.7671
40.9288, 0.2054
40.9488, 1.1940
40.9688, 2.5639
40.9889, 2.4065
41.0089, 0.4215
41.0289, 1.2738
41.0489, 1.4181
41.0689, 1.6368
41.0889, 0.6148
41.1089, 1.3709
41.1289, 1.2695
41.1489, 2.7868
41.1689, 2.8248
41.1889, 1.8590
41.2089, 1.6099
41.2289, 2.1480
41.2489, 1.1806
41.2689, 0.8465
41.2889, 1.0555
41.3089, 1.3644
41.3290, 0.8297
41.3490, 2.1704
41.3690, 2.7445
41.3890, 0.4012
41.4090, 2.0319
41.4290, 1.7840
41.4490, 2.3519
41.4690, 1.9934
41.4890, 0.5363
41.5090, 0.7297
41.5290, 2.0362
41.5490, 3.0470
41.5690, 0.0000
41.5890, 2.3561
41.6090, 3.2096
41.6290, 1.8517
41.6490, 2.5629
41.6690, 1.2954
41.6891, 1.8857
41.7091, 0.3670
41.7291, 0.0000
41.7491, 2.9600
41.7691, 1.0102
41.7891, 1.5457
41.8091, 0.6042
41.8291, 0.5804
41.8491, 1.8306
41.8691, 1.2685
41.8891, 2.3887
41.9091, 2.4641
41.9291, 2.3310
41.9491, 2.2478
41.9691, 3.6022
41.9891, 0.9267
42.0091, 1.9509
42.0292, 3.1521
42.0492, 3.2854
42.0692, 0.5685
42.0892, 1.6905
42.1092, 3.3801
42.1292, 2.5203
42.1492, 2.2039
42.1692, 1.7863
42.1892, 1.6183
42.2092, 2.2980
42.2292, 1.7512
42.2492, 1.9634
42.2692, 2.0859
42.2892, 1.3208
42.3092, 2.5461
42.3292, 4.9684
42.3492, 0.3079
42.3692, 2.8102
42.3893, 2.8603
42.4093, 6.5008
42.4293, 8.7155
42.4493, 10.8009
42.4693, 10.0278
42.4893, 6.3141
42.5093, 4.9019
42.5293, 0.1621
42.5493, 3.7271
42.5693, 2.4026
42.5893, 3.0984
42.6093, 0.7728
42.6293, 1.1662
42.6493, 2.1541
42.6693, 1.9892
42.6893, 2.2927
42.7093, 3.1033
42.7294, 0.2211
42.7494, 2.9914
42.7694, 2.0148
42.7894, 1.8003
42.8094, 0.5186
42.8294, 2.5152
42.8494, 0.0000
42.8694, 2.6622
42.8894, 0.4973
42.9094, 2.0605
42.9294, 1.8859
42.9494, 3.1893
42.9694, 1.8258
42.9894, 1.3044
43.0094, 1.4941
43.0294, 3.2939
43.0494, 2.5489
43.0694, 1.6164
43.0895, 1.7673
43.1095, 0.4214
43.1295, 2.3994
43.1495, 0.2266
43.1695, 2.7668
43.1895, 2.1365
43.2095, 4.4206
43.2295, 0.8938
43.2495, 1.9026
43.2695, 3.8252
43.2895, 3.2114
43.3095, 1.3023
43.3295, 2.2330
43.3495, 2.0085
43.3695, 2.2916
43.3895, 1.2998
43.4095, 1.9161
43.4296, 0.3902
43.4496, 2.1431
43.4696, 2.4616
43.4896, 1.7764
43.5096, 0.3730
43.5296, 3.0063
43.5496, 2.3751
43.5696, 1.2722
43.5896, 1.7226
43.6096, 0.4887
43.6296, 0.9693
43.6496, 1.4625
43.6696, 3.2489
43.6896, 1.3597
43.7096, 2.6540
43.7296, 1.4620
43.7496, 2.2572
43.7696, 1.8634
43.7897, 2.8895
43.8097, 1.4655
43.8297, 0.4160
43.8497, 0.6087
43.8697, 1.4685
43.8897, 0.7431
43.9097, 2.4213
43.9297, 1.5354
43.9497, 4.4081
43.9697, 0.2489
43.9897, 2.2124
44.0097, 0.8656
44.0297, 1.5074
44.0497, 2.1495
44.0697, 0.0000
44.0897, 2.2460
44.1097, 3.9311
44.1298, 1.5478
44.1498, 2.2692
44.1698, 3.0431
44.1898, 1.8406
44.2098, 1.4189
44.2298, 0.0000
44.2498, 2.6548
44.2698, 1.8920
44.2898, 0.9822
44.3098, 2.1345
44.3298, 1.4161
44.3498, 1.4720
44.3698, 2.6197
44.3898, 0.6528
44.4098, 3.0657
44.4298, 0.5928
44.4498, 1.3362
44.4698, 3.9513
44.4899, 3.1467
44.5099, 2.1052
44.5299, 1.0552
44.5499, 1.4711
44.5699, 2.0806
44.5899, 2.0444
44.6099, 1.9145
44.6299, 1.9753
44.6499, 1.7896
44.6699, 0.5480
44.6899, 1.4840
44.7099, 2.9315
44.7299, 0.6225
44.7499, 1.8147
44.7699, 1.1773
44.7899, 2.1191
44.8099, 1.6134
44.8300, 3.5007
44.8500, 2.5188
44.8700, 0.6797
44.8900, 2.6853
44.9100, 1.2230
44.9300, 1.4229
44.9500, 2.3238
44.9700, 1.5091
44.9900, 2.9095
45.0100, 1.2231
45.0300, 1.3804
45.0500, 1.3426
45.0700, 1.4344
45.0900, 3.1182
45.1100, 2.6424
45.1300, 3.7359
45.1500, 4.3000
45.1700, 0.9640
45.1901, 2.0777
45.2101, 0.8168
45.2301, 1.2200
45.2501, 1.3692
45.2701, 0.9372
45.2901, 0.9426
45.3101, 1.8605
45.3301, 0.7759
45.3501, 2.8582
45.3701, 1.0782
45.3901, 4.8481
45.4101, 1.5499
45.4301, 2.0793
45.4501, 0.6963
45.4701, 3.7320
45.4901, 3.1387
45.5101, 2.3068
45.5302, 0.6443
45.5502, 2.2195
45.5702, 0.8722
45.5902, 3.4855
45.6102, 2.8249
45.6302, 2.1030
45.6502, 0.0000
45.6702, 1.0198
45.6902, 2.7557
45.7102, 3.4875
45.7302, 3.9811
45.7502, 2.4177
45.7702, 5.6987
45.7902, 7.0464
45.8102, 3.6900
45.8302, 3.9884
45.8502, 3.1164
45.8702, 1.9488
45.8903, 0.1847
45.9103, 1.6847
45.9303, 1.6762
45.9503, 1.8567
45.9703, 1.4366
45.9903, 1.5584
46.0103, 1.9663
46.0303, 2.4539
46.0503, 1.6985
46.0703, 1.5921
46.0903, 2.0999
46.1103, 0.0636
46.1303, 2.4889
46.1503, 2.0059
46.1703, 2.0466
46.1903, 2.9781
46.2103, 0.0314
46.2304, 0.0101
46.2504, 2.2834
46.2704, 1.9993
46.2904, 2.1786
46.3104, 1.5390
46.3304, 2.6784
46.3504, 2.9497
46.3704, 2.4960
46.3904, 1.7426
46.4104, 0.0000
46.4304, 2.7845
46.4504, 3.2421
46.4704, 2.6584
46.4904, 1.1168
46.5104, 2.6879
46.5304, 2.8768
46.5504, 3.5830
46.5704, 1.1203
46.5905, 1.7774
46.6105, 2.7622
46.6305, 2.0645
46.6505, 0.8764
46.6705, 2.4258
46.6905, 2.5917
46.7105, 2.0954
46.7305, 2.2285
46.7505, 1.7448
46.7705, 3.5016
46.7905, 1.0955
46.8105, 1.4124
46.8305, 2.0176
46.8505, 2.8954
46.8705, 0.4920
46.8905, 0.6812
46.9105, 0.0000
46.9306, 2.0395
46.9506, 0.8754
46.9706, 1.6175
46.9906, 2.6754
47.0106, 1.3576
47.0306, 2.2404
47.0506, 1.7037
47.0706, 2.6862
47.0906, 2.4870
47.1106, 1.3066
47.1306, 1.8359
47.1506, 3.0621
47.1706, 2.4043
47.1906, 0.5936
47.2106, 2.6695
47.2306, 0.9095
47.2506, 3.4351
47.2706, 3.0422
47.2907, 2.2996
47.3107, 2.1655
47.3307, 1.7950
47.3507, 2.6927
47.3707, 1.6314
47.3907, 2.2447
47.4107, 2.8883
47.4307, 1.4382
47.4507, 1.3832
47.4707, 0.7985
47.4907, 0.9298
47.5107, 0.1572
47.5307, 2.7446
47.5507, 3.8360
47.5707, 3.4480
47.5907, 0.3618
47.6107, 2.7396
47.6308, 3.4448
47.6508, 1.5444
47.6708, 2.1091
47.6908, 0.0000
47.7108, 2.2762
47.7308, 0.9308
47.7508, 2.2084
47.7708, 0.4274
47.7908, 2.5555
47.8108, 3.0426
47.8308, 1.2143
47.8508, 0.8566
47.8708, 0.0000
47.8908, 1.7370
47.9108, 1.4182
47.9308, 0.4377
47.9508, 2.4646
47.9708, 1.5513
47.9909, 0.9184
48.0109, 1.4456
48.0309, 3.0900
48.0509, 2.6163
48.0709, 1.8749
48.0909, 2.6326
48.1109, 0.8323
48.1309, 2.0392
48.1509, 2.1555
48.1709, 1.5313
48.1909, 2.4469
48.2109, 1.2171
48.2309, 2.5221
48.2509, 2.5646
48.2709, 0.0000
48.2909, 3.2103
48.3109, 0.0000
48.3310, 1.3834
48.3510, 3.0435
48.3710, 1.6855
48.3910, 0.5235
48.4110, 0.9002
48.4310, 3.0451
48.4510, 0.0630
48.4710, 3.1483
48.4910, 1.9507
48.5110, 0.8005
48.5310, 1.4167
48.5510, 0.9776
48.5710, 2.8826
48.5910, 2.7472
48.6110, 0.2677
48.6310, 1.5983
48.6510, 1.1334
48.6710, 3.3147
48.6911, 0.6409
48.7111, 3.6290
48.7311, 1.9728
48.7511, 0.8313
48.7711, 1.3214
48.7911, 1.1957
48.8111, 0.7173
48.8311, 2.1024
48.8511, 0.7645
48.8711, 0.0000
48.8911, 1.6224
48.9111, 0.1830
48.9311, 1.2457
48.9511, 1.0870
48.9711, 1.1253
48.9911, 4.0302
49.0111, 2.0635
49.0312, 2.2546
49.0512, 0.2098
49.0712, 1.3450
49.0912, 2.2242
49.1112, 0.9702
49.1312, 2.9249
49.1512, 0.7900
49.1712, 1.7168
49.1912, 1.4137
49.2112, 2.1726
49.2312, 1.3587
49.2512, 1.7325
49.2712, 1.7676
49.2912, 1.2637
49.3112, 2.4971
49.3312, 2.2476
49.3512, 1.9168
49.3712, 1.5711
49.3913, 2.8121
49.4113, 1.7679
49.4313, 1.6963
49.4513, 2.1123
49.4713, 3.7224
49.4913, 0.6508
49.5113, 2.7851
49.5313, 0.0917
49.5513, 2.2262
49.5713, 3.5995
49.5913, 2.5007
49.6113, 2.1790
49.6313, 1.4396
49.6513, 2.0378
49.6713, 1.7515
49.6913, 1.2115
49.7113, 1.7133
49.7314, 2.2071
49.7514, 1.2305
49.7714, 1.1910
49.7914, 0.6307
49.8114, 2.4016
49.8314, 2.5580
49.8514, 2.2408
49.8714, 2.9826
49.8914, 2.0953
49.9114, 2.4029
49.9314, 2.3138
49.9514, 1.9139
49.9714, 1.4696
49.9914, 4.2468
50.0114, 1.5595
50.0314, 1.4120
50.0514, 2.8818
50.0714, 3.9642
50.0915, 5.2841
50.1115, 12.3062
50.1315, 14.5481
50.1515, 13.2020
50.1715, 11.6991
50.1915, 6.7761
50.2115, 2.1525
50.2315, 4.1509
50.2515, 2.7325
50.2715, 2.0034
50.2915, 3.6154
50.3115, 2.1676
50.3315, 1.9780
50.3515, 1.3386
50.3715, 2.5949
50.3915, 2.4885
50.4115, 2.0213
50.4316, 1.2075
50.4516, 2.1379
50.4716, 1.9359
50.4916, 0.6578
50.5116, 0.5178
50.5316, 2.5780
50.5516, 0.0000
50.5716, 2.2142
50.5916, 1.5229
50.6116, 3.3296
50.6316, 1.5074
50.6516, 2.6735
50.6716, 1.6050
50.6916, 2.1215
50.7116, 2.7517
50.7316, 1.5386
50.7516, 3.0144
50.7716, 1.0014
50.7917, 2.3044
50.8117, 2.9396
50.8317, 2.6740
50.8517, 3.9448
50.8717, 1.2343
50.8917, 0.6116
50.9117, 1.0008
50.9317, 2.6744
50.9517, 2.5101
50.9717, 2.1099
50.9917, 0.8707
51.0117, 2.7821
51.0317, 0.7678
51.0517, 3.1786
51.0717, 4.8965
51.0917, 2.3771
51.1117, 2.5962
51.1318, 1.5080
51.1518, 0.1756
51.1718, 1.3969
51.1918, 0.9011
51.2118, 0.5429
51.2318, 3.7485
51.2518, 2.2824
51.2718, 2.3905
51.2918, 1.6939
51.3118, 1.8316
51.3318, 2.9820
51.3518, 1.9737
51.3718, 2.5432
51.3918, 1.8082
51.4118, 1.6604
51.4318, 0.5835
51.4518, 0.0061
51.4718, 1.7419
51.4919, 2.0636
51.5119, 0.7056
51.5319, 1.9716
51.5519, 2.0608
51.5719, 0.0000
51.5919, 1.0809
51.6119, 2.4184
51.6319, 2.3979
51.6519, 0.8396
51.6719, 2.1667
51.6919, 3.0405
51.7119, 2.7924
51.7319, 1.9101
51.7519, 1.5331
51.7719, 1.3699
51.7919, 2.4796
51.8119, 2.2038
51.8320, 2.6430
51.8520, 2.1398
51.8720, 2.8346
51.8920, 2.1021
51.9120, 2.8001
51.9320, 2.8872
51.9520, 1.1927
51.9720, 0.1777
51.9920, 3.5675
52.0120, 2.2660
52.0320, 0.2724
52.0520, 1.2845
52.0720, 2.7871
52.0920, 1.7236
52.1120, 1.4885
52.1320, 3.4233
52.1520, 0.9472
52.1720, 1.1992
52.1921, 2.2202
52.2121, 2.4014
52.2321, 2.5085
52.2521, 2.9281
52.2721, 2.2073
52.2921, 2.5014
52.3121, 1.7443
52.3321, 2.0699
52.3521, 2.1152
52.3721, 2.2240
52.3921, 2.7878
52.4121, 2.5679
52.4321, 2.0512
52.4521, 1.1881
52.4721, 2.0749
52.4921, 1.9781
52.5121, 2.2018
52.5322, 4.2381
52.5522, 1.4767
52.5722, 2.4336
52.5922, 3.0871
52.6122, 2.1056
52.6322, 4.3710
52.6522, 1.6241
52.6722, 2.3342
52.6922, 1.1985
52.7122, 1.6509
52.7322, 2.2582
52.7522, 2.8624
52.7722, 2.3292
52.7922, 3.2799
52.8122, 1.9104
52.8322, 1.6705
52.8522, 4.7413
52.8722, 2.4052
52.8923, 1.2788
52.9123, 1.3043
52.9323, 1.0530
52.9523, 2.9537
52.9723, 1.6379
52.9923, 2.1353
53.0123, 1.9422
53.0323, 2.7463
53.0523, 1.1500
53.0723, 0.9186
53.0923, 2.2333
53.1123, 2.6143
53.1323, 2.3428
53.1523, 1.1878
53.1723, 2.6917
53.1923, 1.2541
53.2123, 1.4790
53.2324, 1.0517
53.2524, 3.3224
53.2724, 2.6471
53.2924, 2.6183
53.3124, 3.2679
53.3324, 4.8512
53.3524, 0.2777
53.3724, 1.2596
53.3924, 1.3832
53.4124, 1.1459
53.4324, 0.9166
53.4524, 1.7034
53.4724, 0.7760
53.4924, 2.3453
53.5124, 2.0587
53.5324, 2.4930
53.5524, 2.5200
53.5724, 2.6163
53.5925, 1.6288
53.6125, 4.1518
53.6325, 2.2436
53.6525, 0.1227
53.6725, 0.9926
53.6925, 0.2461
53.7125, 2.0240
53.7325, 1.8833
53.7525, 1.5327
53.7725, 4.0403
53.7925, 2.5617
53.8125, 2.7408
53.8325, 1.0648
53.8525, 0.9959
53.8725, 2.0437
53.8925, 2.1814
53.9125, 0.1290
53.9326, 1.8241
53.9526, 2.0207
53.9726, 1.7888
53.9926, 1.1838
54.0126, 1.4608
54.0326, 1.8276
54.0526, 2.0983
54.0726, 2.6181
54.0926, 3.0996
54.1126, 1.7087
54.1326, 1.5451
54.1526, 2.4491
54.1726, 2.6243
54.1926, 1.5673
54.2126, 2.8059
54.2326, 2.9972
54.2526, 3.3129
54.2726, 3.8051
54.2927, 1.1301
54.3127, 2.0205
54.3327, 2.0179
54.3527, 1.9073
54.3727, 1.3498
54.3927, 0.5039
54.4127, 2.1002
54.4327, 1.2293
54.4527, 2.0934
54.4727, 1.2033
54.4927, 0.8942
54.5127, 2.2434
54.5327, 2.1591
54.5527, 2.5923
54.5727, 4.2172
54.5927, 2.2869
54.6127, 2.4971
54.6328, 0.9166
54.6528, 0.7049
54.6728, 3.6073
54.6928, 1.0724
54.7128, 0.9507
54.7328, 1.9681
54.7528, 1.9257
54.7728, 1.1606
54.7928, 2.0015
54.8128, 4.2225
54.8328, 3.3954
54.8528, 4.1279
54.8728, 6.9589
54.8928, 5.7064
54.9128, 3.1914
54.9328, 1.1316
54.9528, 1.4586
54.9728, 1.9922
54.9929, 3.1912
55.0129, 0.9586
55.0329, 1.9210
55.0529, 2.6893
55.0729, 0.0000
55.0929, 3.0520
55.1129, 0.8105
55.1329, 2.3422
55.1529, 2.2560
55.1729, 3.1035
55.1929, 2.5648
55.2129, 0.0000
55.2329, 1.2804
55.2529, 2.4524
55.2729, 2.7883
55.2929, 4.7030
55.3129, 6.3427
55.3330, 6.6196
55.3530, 4.9834
55.3730, 1.9428
55.3930, 2.2660
55.4130, 2.6309
55.4330, 0.9441
55.4530, 2.6506
55.4730, 2.9258
55.4930, 2.1348
55.5130, 0.0000
55.5330, 0.7138
55.5530, 3.9142
55.5730, 1.4537
55.5930, 0.0000
55.6130, 3.2558
55.6330, 2.0200
55.6530, 3.1240
55.6730, 2.2866
55.6931, 2.4702
55.7131, 2.3736
55.7331, 2.7119
55.7531, 4.3099
55.7731, 2.9885
55.7931, 0.4081
55.8131, 2.4582
55.8331, 3.1609
55.8531, 3.2229
55.8731, 1.5750
55.8931, 3.1847
55.9131, 2.9448
55.9331, 4.6083
55.9531, 1.2479
55.9731, 1.4933
55.9931, 1.6968
56.0131, 1.5106
56.0332, 1.1063
56.0532, 0.0000
56.0732, 1.5668
56.0932, 2.3800
56.1132, 1.5076
56.1332, 3.9639
56.1532, 2.0200
56.1732, 3.3122
56.1932, 2.2709
56.2132, 2.8423
56.2332, 2.2889
56.2532, 3.3908
56.2732, 2.0630
56.2932, 2.5082
56.3132, 2.3770
56.3332, 1.7149
56.3532, 2.4160
56.3732, 4.2663
56.3933, 1.7330
56.4133, 2.4307
56.4333, 3.2786
56.4533, 3.1597
56.4733, 2.0183
56.4933, 0.0000
56.5133, 2.5290
56.5333, 0.0000
56.5533, 3.4932
56.5733, 2.1779
56.5933, 3.0175
56.6133, 1.0940
56.6333, 0.4362
56.6533, 2.2702
56.6733, 1.9725
56.6933, 1.5093
56.7133, 2.0921
56.7334, 4.8055
56.7534, 2.8505
56.7734, 3.0679
56.7934, 2.8600
56.8134, 3.5028
56.8334, 1.8142
56.8534, 0.0000
56.8734, 1.8157
56.8934, 2.8274
56.9134, 1.0256
56.9334, 1.8281
56.9534, 1.3068
56.9734, 3.5256
56.9934, 2.7645
57.0134, 2.6654
57.0334, 2.6351
57.0534, 1.9688
57.0734, 2.2063
57.0935, 0.8077
57.1135, 0.0000
57.1335, 2.1582
57.1535, 2.3341
57.1735, 3.2295
57.1935, 3.5957
57.2135, 3.5944
57.2335, 0.9970
57.2535, 1.6502
57.2735, 2.4923
57.2935, 4.5672
57.3135, 3.5034
57.3335, 3.1386
57.3535, 1.6142
57.3735, 1.1132
57.3935, 2.8044
57.4135, 0.8932
57.4336, 1.7653
57.4536, 1.8904
57.4736, 3.6175
57.4936, 1.6477
57.5136, 0.0000
57.5336, 2.5166
57.5536, 1.2995
57.5736, 2.0496
57.5936, 1.9188
57.6136, 1.7296
57.6336, 2.8058
57.6536, 0.4561
57.6736, 1.4835
57.6936, 2.6983
57.7136, 1.3854
57.7336, 0.3793
57.7536, 2.6826
57.7736, 3.1424
57.7937, 1.9609
57.8137, 0.0232
57.8337, 2.7205
57.8537, 0.3276
57.8737, 2.3188
57.8937, 1.1089
57.9137, 0.8334
57.9337, 1.5595
57.9537, 1.8211
57.9737, 1.3549
57.9937, 2.6019
58.0137, 1.5553
58.0337, 2.9978
58.0537, 2.2908
58.0737, 1.3009
58.0937, 1.1306
58.1137, 0.3402
58.1338, 2.3005
58.1538, 1.6478
58.1738, 0.0000
58.1938, 1.4646
58.2138, 1.0951
58.2338, 3.6001
58.2538, 0.2842
58.2738, 0.5487
58.2938, 3.1291
58.3138, 3.3787
58.3338, 1.2530
58.3538, 1.3672
58.3738, 2.6297
58.3938, 0.0000
58.4138, 0.1240
58.4338, 1.7225
58.4538, 3.5740
58.4738, 1.5657
58.4939, 2.1085
58.5139, 3.1532
58.5339, 4.1374
58.5539, 1.4230
58.5739, 1.9894
58.5939, 3.8493
58.6139, 0.4669
58.6339, 3.0458
58.6539, 0.9765
58.6739, 2.1101
58.6939, 1.7611
58.7139, 1.0375
58.7339, 1.0121
58.7539, 2.2860
58.7739, 3.0133
58.7939, 1.8752
58.8139, 2.0774
58.8340, 2.5841
58.8540, 1.0237
58.8740, 2.7546
58.8940, 2.8351
58.9140, 4.6398
58.9340, 1.6261
58.9540, 1.5431
58.9740, 2.7842
58.9940, 2.8349
59.0140, 1.4653
59.0340, 1.5987
59.0540, 2.5538
59.0740, 1.1694
59.0940, 1.5912
59.1140, 2.0971
59.1340, 3.0137
59.1540, 1.3950
59.1740, 0.1430
59.1941, 0.0680
59.2141, 0.7327
59.2341, 0.6783
59.2541, 1.8501
59.2741, 0.8040
59.2941, 1.2957
59.3141, 1.2235
59.3341, 1.5609
59.3541, 3.3440
59.3741, 2.6759
59.3941, 2.0228
59.4141, 1.5402
59.4341, 1.5683
59.4541, 2.3379
59.4741, 2.5973
59.4941, 1.0885
59.5141, 2.0433
59.5342, 0.0000
59.5542, 2.2206
59.5742, 2.7773
59.5942, 1.7232
59.6142, 3.8437
59.6342, 1.1152
59.6542, 2.2264
59.6742, 1.9702
59.6942, 1.9050
59.7142, 1.8908
59.7342, 2.1148
59.7542, 2.8641
59.7742, 3.3999
59.7942, 2.0042
59.8142, 2.8316
59.8342, 1.3020
59.8542, 2.8206
59.8742, 1.4432
59.8943, 3.8807
59.9143, 6.2689
59.9343, 5.6481
59.9543, 4.7342
59.9743, 6.0442
59.9943, 6.2670
60.0143, 3.9649
60.0343, 2.7173
60.0543, 3.1331
60.0743, 2.5139
60.0943, 3.2401
60.1143, 2.9365
60.1343, 3.5455
60.1543, 2.3693
60.1743, 2.9220
60.1943, 1.6958
60.2143, 1.3981
60.2344, 3.7327
60.2544, 2.2251
60.2744, 2.8205
60.2944, 2.1316
60.3144, 1.4132
60.3344, 2.0176
60.3544, 3.4588
60.3744, 2.5680
60.3944, 0.2755
60.4144, 1.7887
60.4344, 3.8091
60.4544, 1.7902
60.4744, 0.1854
60.4944, 3.9211
60.5144, 2.6966
60.5344, 1.9356
60.5544, 1.6308
60.5744, 3.1011
60.5945, 1.4583
60.6145, 3.1678
60.6345, 2.5548
60.6545, 2.2539
60.6745, 2.1536
60.6945, 1.8295
60.7145, 3.0640
60.7345, 1.1312
60.7545, 0.3660
60.7745, 2.6279
60.7945, 2.6449
60.8145, 2.4922
60.8345, 2.4188
60.8545, 1.6823
60.8745, 2.8029
60.8945, 1.9604
60.9145, 1.5138
60.9346, 1.6910
60.9546, 4.0501
60.9746, 0.2517
60.9946, 2.5119
61.0146, 0.3082
61.0346, 1.8970
61.0546, 1.5679
61.0746, 0.0000
61.0946, 2.3999
61.1146, 1.6221
61.1346, 0.0000
61.1546, 2.8556
61.1746, 3.4578
61.1946, 3.5136
61.2146, 2.3695
61.2346, 2.0530
61.2546, 3.3498
61.2746, 3.7080
61.2947, 3.1529
61.3147, 1.0542
61.3347, 2.2101
61.3547, 2.4510
61.3747, 0.1762
61.3947, 2.4812
61.4147, 4.3054
61.4347, 2.6537
61.4547, 3.4967
61.4747, 2.1914
61.4947, 1.9324
61.5147, 2.3921
61.5347, 1.1813
61.5547, 1.0317
61.5747, 3.2872
61.5947, 3.3944
61.6147, 1.0040
61.6348, 2.9855
61.6548, 1.9185
61.6748, 2.3501
61.6948, 2.4719
61.7148, 3.0121
61.7348, 2.0901
61.7548, 3.4327
61.7748, 2.3194
61.7948, 2.6378
61.8148, 1.1637
61.8348, 4.1897
61.8548, 2.4816
61.8748, 2.7276
61.8948, 0.3799
61.9148, 1.1744
61.9348, 3.2585
61.9548, 2.2966
61.9748, 0.0708
61.9949, 3.0566
62.0149, 1.4565
62.0349, 3.4339
62.0549, 1.9176
62.0749, 2.2135
62.0949, 3.1989
62.1149, 1.0987
62.1349, 1.0023
62.1549, 1.8077
62.1749, 2.8431
62.1949, 0.6604
62.2149, 0.3194
62.2349, 2.8396
62.2549, 1.3966
62.2749, 1.6097
62.2949, 0.1285
62.3149, 1.3197
62.3350, 1.9988
62.3550, 2.9474
62.3750, 1.2264
62.3950, 3.6827
62.4150, 1.3141
62.4350, 1.3156
62.4550, 3.5613
62.4750, 2.2203
62.4950, 1.4481
62.5150, 1.8495
62.5350, 3.3750
62.5550, 3.4894
62.5750, 1.1803
62.5950, 1.9635
62.6150, 2.0976
62.6350, 1.0090
62.6550, 1.9501
62.6751, 2.0118
62.6951, 3.1597
62.7151, 3.2276
62.7351, 1.6735
62.7551, 1.7901
62.7751, 2.6783
62.7951, 1.4146
62.8151, 2.6018
62.8351, 1.9175
62.8551, 1.0260
62.8751, 1.0387
62.8951, 3.4700
62.9151, 1.8482
62.9351, 3.6655
62.9551, 1.4870
62.9751, 2.3010
62.9951, 4.4264
63.0151, 0.9370
63.0352, 0.0870
63.0552, 3.3077
63.0752, 1.1702
63.0952, 1.9855
63.1152, 1.4138
63.1352, 2.2777
63.1552, 1.0451
63.1752, 1.8245
63.1952, 2.4614
63.2152, 0.9866
63.2352, 1.2984
63.2552, 1.6551
63.2752, 0.5613
63.2952, 1.5791
63.3152, 2.1266
63.3352, 1.6023
63.3552, 1.7320
63.3753, 1.9863
63.3953, 1.3432
63.4153, 2.7054
63.4353, 3.4588
63.4553, 1.5368
63.4753, 2.4972
63.4953, 1.7641
63.5153, 2.3761
63.5353, 3.5901
63.5553, 2.5209
63.5753, 0.2128
63.5953, 2.4656
63.6153, 3.2534
63.6353, 1.7823
63.6553, 3.0134
63.6753, 1.3085
63.6953, 0.5040
63.7153, 2.1492
63.7354, 0.2299
63.7554, 1.7639
63.7754, 3.3080
63.7954, 0.0749
63.8154, 0.7124
63.8354, 0.9626
63.8554, 1.9424
63.8754, 1.6369
63.8954, 3.4252
63.9154, 2.9980
63.9354, 2.6430
63.9554, 2.6478
63.9754, 3.6766
63.9954, 3.4516
64.0154, 5.8560
64.0354, 3.5961
64.0554, 4.5978
64.0755, 4.0005
64.0955, 2.4752
64.1155, 1.8863
64.1355, 2.4207
64.1555, 0.0000
64.1755, 2.3122
64.1955, 1.8918
64.2155, 1.9552
64.2355, 2.7210
64.2555, 1.9308
64.2755, 0.8532
64.2955, 1.8634
64.3155, 2.0748
64.3355, 2.1227
64.3555, 2.1702
64.3755, 3.0577
64.3955, 0.9080
64.4155, 2.1842
64.4356, 3.3111
64.4556, 0.2521
64.4756, 2.1881
64.4956, 1.4144
64.5156, 1.6315
64.5356, 1.0913
64.5556, 1.8350
64.5756, 3.8687
64.5956, 0.7276
64.6156, 0.8235
64.6356, 0.6897
64.6556, 3.7536
64.6756, 1.5388
64.6956, 1.9805
64.7156, 1.5991
64.7356, 1.0513
64.7556, 1.7686
64.7757, 4.4927
64.7957, 3.4144
64.8157, 1.1438
64.8357, 2.6614
64.8557, 1.1654
64.8757, 0.2098
64.8957, 3.0376
64.9157, 3.1798
64.9357, 3.0644
64.9557, 1.5312
64.9757, 1.8378
64.9957, 2.7648
65.0157, 2.4024
65.0357, 1.6083
65.0557, 0.3689
65.0757, 2.1216
65.0957, 3.0978
65.1157, 0.7952
65.1358, 2.6525
65.1558, 2.3418
65.1758, 2.7652
65.1958, 2.8884
65.2158, 1.3041
65.2358, 0.3710
65.2558, 1.4668
65.2758, 2.9057
65.2958, 1.4583
65.3158, 1.3045
65.3358, 0.1643
65.3558, 3.7791
65.3758, 2.8416
65.3958, 2.7851
65.4158, 2.9852
65.4358, 2.5897
65.4558, 1.7593
65.4759, 1.8408
65.4959, 1.5740
65.5159, 4.6712
65.5359, 2.5687
65.5559, 1.5374
65.5759, 2.4773
65.5959, 0.9840
65.6159, 3.5281
65.6359, 1.3378
65.6559, 2.5132
65.6759, 3.0846
65.6959, 2.3956
65.7159, 2.1020
65.7359, 2.0174
65.7559, 1.9494
65.7759, 1.4232
65.7959, 1.5518
65.8159, 3.5029
65.8360, 1.8967
65.8560, 1.2117
65.8760, 1.4843
65.8960, 3.1194
65.9160, 2.6898
65.9360, 2.5732
65.9560, 1.7460
65.9760, 2.5864
65.9960, 1.3555
66.0160, 1.7439
66.0360, 2.9873
66.0560, 2.8907
66.0760, 1.0133
66.0960, 1.1412
66.1160, 2.1164
66.1360, 3.7523
66.1560, 0.0690
66.1761, 2.2880
66.1961, 0.6147
66.2161, 1.3649
66.2361, 1.6379
66.2561, 1.5811
66.2761, 1.4666
66.2961, 2.0137
66.3161, 1.4651
66.3361, 0.5273
66.3561, 2.7952
66.3761, 2.7679
66.3961, 2.8592
66.4161, 0.4481
66.4361, 2.3088
66.4561, 2.6901
66.4761, 0.9635
66.4961, 2.0157
66.5161, 1.8889
66.5362, 3.8696
66.5562, 3.9529
66.5762, 0.3231
66.5962, 4.5288
66.6162, 1.0808
66.6362, 2.9983
66.6562, 2.9880
66.6762, 0.9994
66.6962, 2.5053
66.7162, 1.8977
66.7362, 2.5671
66.7562, 2.2398
66.7762, 3.2164
66.7962, 2.0827
66.8162, 1.8367
66.8362, 3.1150
66.8562, 2.5935
66.8763, 2.7466
66.8963, 1.3343
66.9163, 0.9493
66.9363, 1.4323
66.9563, 1.3785
66.9763, 2.8016
66.9963, 2.9936
67.0163, 1.8495
67.0363, 3.4537
67.0563, 3.3905
67.0763, 2.2526
67.0963, 1.1752
67.1163, 3.5998
67.1363, 1.9447
67.1563, 2.1341
67.1763, 1.6630
67.1963, 1.1065
67.2163, 0.5211
67.2364, 2.6465
67.2564, 1.2141
67.2764, 5.1009
67.2964, 0.9080
67.3164, 0.7347
67.3364, 2.5224
67.3564, 3.5532
67.3764, 2.0718
67.3964, 2.5852
67.4164, 0.1419
67.4364, 1.3212
67.4564, 0.9206
67.4764, 0.0898
67.4964, 2.1248
67.5164, 0.0000
67.5364, 0.6692
67.5564, 1.4631
67.5765, 1.1657
67.5965, 2.4082
67.6165, 2.3236
67.6365, 2.9684
67.6565, 3.0605
67.6765, 4.2084
67.6965, 4.6548
67.7165, 7.0510
67.7365, 8.5112
67.7565, 7.4993
67.7765, 4.9838
67.7965, 3.1792
67.8165, 1.6559
67.8365, 2.5392
67.8565, 1.9281
67.8765, 1.3376
67.8965, 1.3368
67.9165, 0.7823
67.9366, 2.9965
67.9566, 2.0860
67.9766, 1.1339
67.9966, 2.8249
68.0166, 1.4464
68.0366, 0.6327
68.0566, 3.2856
68.0766, 2.3422
68.0966, 3.8110
68.1166, 6.0053
68.1366, 8.1533
68.1566, 6.4774
68.1766, 3.5994
68.1966, 3.8070
68.2166, 1.9099
68.2366, 4.0037
68.2566, 2.0191
68.2767, 0.0000
68.2967, 2.3680
68.3167, 3.9732
68.3367, 3.6003
68.3567, 3.8583
68.3767, 0.9751
68.3967, 2.9290
68.4167, 1.2762
68.4367, 2.2333
68.4567, 0.7190
68.4767, 1.3546
68.4967, 1.3225
68.5167, 2.9153
68.5367, 2.8163
68.5567, 2.2864
68.5767, 0.6406
68.5967, 1.6913
68.6167, 1.2518
68.6368, 2.8860
68.6568, 3.1981
68.6768, 3.0749
68.6968, 1.2426
68.7168, 0.0000
68.7368, 0.2193
68.7568, 3.4443
68.7768, 1.6006
68.7968, 1.2472
68.8168, 3.6678
68.8368, 3.2860
68.8568, 2.0312
68.8768, 1.7097
68.8968, 1.8728
68.9168, 2.2362
68.9368, 3.6247
68.9568, 2.4337
68.9769, 2.7408
68.9969, 3.1891
69.0169, 0.8234
69.0369, 2.7699
69.0569, 1.7085
69.0769, 0.0000
69.0969, 0.0000
69.1169, 0.9767
69.1369, 2.5437
69.1569, 2.1215
69.1769, 2.1929
69.1969, 3.9796
69.2169, 0.7229
69.2369, 1.9787
69.2569, 2.3144
69.2769, 1.2618
69.2969, 2.0351
69.3169, 0.3882
69.3370, 3.4324
69.3570, 1.3171
69.3770, 4.0610
69.3970, 1.9736
69.4170, 3.0462
69.4370, 1.9525
69.4570, 1.9754
69.4770, 1.4158
69.4970, 2.1269
69.5170, 2.3281
69.5370, 1.2132
69.5570, 1.8800
69.5770, 1.3894
69.5970, 4.3323
69.6170, 1.9157
69.6370, 3.5693
69.6570, 1.8086
69.6771, 2.2687
69.6971, 0.6700
69.7171, 1.5543
69.7371, 2.2194
69.7571, 3.6105
69.7771, 2.2310
69.7971, 3.4060
69.8171, 2.6545
69.8371, 3.6524
69.8571, 1.9467
69.8771, 4.4239
69.8971, 1.5155
69.9171, 1.2312
69.9371, 0.7826
69.9571, 4.3641
69.9771, 2.8352
69.9971, 1.6685
70.0171, 3.2697
70.0372, 2.7020
70.0572, 3.9950
70.0772, 0.4410
70.0972, 1.7381
70.1172, 1.5387
70.1372, 0.0103
70.1572, 3.0789
70.1772, 1.7330
70.1972, 2.7545
70.2172, 4.3931
70.2372, 1.6492
70.2572, 1.5805
70.2772, 2.1265
70.2972, 3.0050
70.3172, 1.4333
70.3372, 1.3683
70.3572, 3.0757
70.3773, 2.3894
70.3973, 0.0000
70.4173, 0.7671
70.4373, 3.5248
70.4573, 2.4130
70.4773, 1.2356
70.4973, 1.8341
70.5173, 2.0198
70.5373, 2.7506
70.5573, 0.6327
70.5773, 1.1559
70.5973, 2.2825
70.6173, 1.9055
70.6373, 2.5848
70.6573, 0.7629
70.6773, 2.3677
70.6973, 3.1105
70.7173, 2.4988
70.7374, 2.1471
70.7574, 1.9095
70.7774, 1.1621
70.7974, 1.9336
70.8174, 3.2805
70.8374, 1.8861
70.8574, 1.1065
70.8774, 1.5086
70.8974, 2.2096
70.9174, 1.6287
70.9374, 2.4973
70.9574, 2.5353
70.9774, 2.9056
70.9974, 3.4462
71.0174, 3.0137
71.0374, 1.0616
71.0574, 1.0926
71.0775, 1.9298
71.0975, 1.5501
71.1175, 0.8551
71.1375, 1.5597
71.1575, 1.5265
71.1775, 1.3269
71.1975, 1.6871
71.2175, 3.1983
71.2375, 2.2080
71.2575, 4.5065
71.2775, 2.1789
71.2975, 1.7131
71.3175, 2.0106
71.3375, 2.2659
71.3575, 2.4467
71.3775, 4.1068
71.3975, 1.1515
71.4175, 2.8753
71.4376, 2.2166
71.4576, 0.4174
71.4776, 2.7859
71.4976, 3.2885
71.5176, 1.1395
71.5376, 1.9974
71.5576, 0.2614
71.5776, 0.7333
71.5976, 3.0664
71.6176, 1.5347
71.6376, 0.8850
71.6576, 2.2385
71.6776, 1.4781
71.6976, 1.5303
71.7176, 2.7542
71.7376, 0.8315
71.7576, 1.0908
71.7777, 2.1623
71.7977, 2.9869
71.8177, 3.2587
71.8377, 1.3338
71.8577, 2.9545
71.8777, 1.2134
71.8977, 3.8535
71.9177, 0.8597
71.9377, 3.3501
71.9577, 1.3425
71.9777, 4.0427
71.9977, 2.6045
72.0177, 0.9788
72.0377, 1.4783
72.0577, 2.7965
72.0777, 3.0711
72.0977, 1.9349
72.1177, 2.0516
72.1378, 2.7735
72.1578, 2.1398
72.1778, 0.6982
72.1978, 1.1842
72.2178, 2.2443
72.2378, 3.2358
72.2578, 3.6409
72.2778, 2.7949
72.2978, 2.2970
72.3178, 2.7638
72.3378, 1.3321
72.3578, 1.8515
72.3778, 1.1729
72.3978, 0.7435
72.4178, 2.3438
72.4378, 2.1941
72.4578, 2.7019
72.4779, 2.5588
72.4979, 2.2519
72.5179, 2.5694
72.5379, 1.9633
72.5579, 2.4240
72.5779, 1.2720
72.5979, 2.3804
72.6179, 2.6825
72.6379, 1.3291
72.6579, 2.0589
72.6779, 1.3757
72.6979, 1.4739
72.7179, 0.8687
72.7379, 3.2867
72.7579, 3.0843
72.7779, 2.5500
72.7979, 4.0011
72.8179, 1.8150
72.8380, 5.0728
72.8580, 1.7763
72.8780, 2.2646
72.8980, 1.6041
72.9180, 2.3830
72.9380, 2.8516
72.9580, 1.8912
72.9780, 3.8034
72.9980, 2.2483
73.0180, 2.2800
73.0380, 1.0871
73.0580, 2.4297
73.0780, 1.8709
73.0980, 1.3913
73.1180, 1.2211
73.1380, 4.7087
73.1580, 1.7400
73.1781, 0.5328
73.1981, 1.3003
73.2181, 1.9543
73.2381, 2.5594
73.2581, 2.5676
73.2781, 2.6908
73.2981, 1.3542
73.3181, 2.3510
73.3381, 1.1225
73.3581, 1.3974
73.3781, 1.1817
73.3981, 1.2323
73.4181, 4.3332
73.4381, 5.2870
73.4581, 6.7696
73.4781, 5.9456
73.4981, 5.6395
73.5181, 1.6950
73.5382, 3.4159
73.5582, 2.3240
73.5782, 2.6660
73.5982, 2.3941
73.6182, 1.0084
73.6382, 0.4913
73.6582, 1.2863
73.6782, 2.5778
73.6982, 2.7044
73.7182, 0.6229
73.7382, 1.0142
73.7582, 1.2750
73.7782, 1.6451
73.7982, 0.6289
73.8182, 0.5682
73.8382, 1.1752
73.8582, 2.0937
73.8783, 0.8124
73.8983, 1.8893
73.9183, 3.0771
73.9383, 0.6898
73.9583, 1.7976
73.9783, 3.0429
73.9983, 1.5834
74.0183, 1.4262
74.0383, 3.1832
74.0583, 1.6968
74.0783, 3.1235
74.0983, 2.4403
74.1183, 1.6597
74.1383, 2.4916
74.1583, 2.3306
74.1783, 3.0390
74.1983, 1.4518
74.2183, 2.0481
74.2384, 1.9442
74.2584, 2.7186
74.2784, 0.9696
74.2984, 3.0350
74.3184, 2.4781
74.3384, 0.6745
74.3584, 3.2285
74.3784, 4.2660
74.3984, 3.0197
74.4184, 3.4497
74.4384, 2.0928
74.4584, 0.3260
74.4784, 0.1413
74.4984, 2.2644
74.5184, 1.4077
74.5384, 1.0814
74.5584, 1.9430
74.5785, 2.6291
74.5985, 0.5371
74.6185, 1.5525
74.6385, 3.5335
74.6585, 0.9189
74.6785, 2.8861
74.6985, 1.5162
74.7185, 2.5585
74.7385, 3.1163
74.7585, 2.7562
74.7785, 2.9260
74.7985, 0.8417
74.8185, 3.1328
74.8385, 1.1440
74.8585, 2.2690
74.8785, 2.2676
74.8985, 2.4971
74.9185, 2.3472
74.9386, 1.1530
74.9586, 0.6412
74.9786, 2.8887
74.9986, 2.1944
75.0186, 3.1689
75.0386, 1.9612
75.0586, 0.5853
75.0786, 2.9836
75.0986, 1.6319
75.1186, 2.3524
75.1386, 1.3516
75.1586, 3.6695
75.1786, 1.1199
75.1986, 1.6652
75.2186, 2.1151
75.2386, 0.9018
75.2586, 2.3407
75.2787, 3.6367
75.2987, 1.5104
75.3187, 2.4061
75.3387, 0.0000
75.3587, 1.9671
75.3787, 1.6898
75.3987, 1.1786
75.4187, 3.1002
75.4387, 1.6765
75.4587, 1.8269
75.4787, 1.6250
75.4987, 0.0678
75.5187, 0.8615
75.5387, 2.9785
75.5587, 0.0000
75.5787, 1.2314
75.5987, 1.6022
75.6187, 3.7700
75.6388, 2.7838
75.6588, 1.4429
75.6788, 3.3258
75.6988, 1.2575
75.7188, 3.0271
75.7388, 0.6321
75.7588, 3.0919
75.7788, 1.5957
75.7988, 0.9662
75.8188, 1.7868
75.8388, 2.2870
75.8588, 1.5061
75.8788, 2.5667
75.8988, 1.4168
75.9188, 2.6339
75.9388, 2.4537
75.9588, 1.9448
75.9789, 1.5600
75.9989, 2.1597
76.0189, 2.5630
76.0389, 4.0918
76.0589, 2.9566
76.0789, 2.9936
76.0989, 5.1302
76.1189, 2.5283
76.1389, 2.4966
76.1589, 2.7185
76.1789, 0.9860
76.1989, 1.5575
76.2189, 1.4945
76.2389, 2.6614
76.2589, 1.8303
76.2789, 2.1462
76.2989, 3.1063
76.3189, 2.8794
76.3390, 1.8429
76.3590, 1.3288
76.3790, 3.1547
76.3990, 2.7892
76.4190, 0.3819
76.4390, 1.6897
76.4590, 2.1739
76.4790, 2.7942
76.4990, 2.9269
76.5190, 2.2936
76.5390, 2.5984
76.5590, 2.0713
76.5790, 1.3249
76.5990, 1.7422
76.6190, 2.0257
76.6390, 1.9714
76.6590, 0.0994
76.6791, 1.6044
76.6991, 2.0633
76.7191, 1.7219
76.7391, 1.7568
76.7591, 2.5000
76.7791, 0.9152
76.7991, 0.3598
76.8191, 1.6543
76.8391, 2.7793
76.8591, 3.7133
76.8791, 2.7975
76.8991, 0.5214
76.9191, 1.7714
76.9391, 2.2660
76.9591, 2.1861
76.9791, 2.5519
76.9991, 1.0789
77.0191, 2.0721
77.0392, 2.4316
77.0592, 2.8415
77.0792, 1.1915
77.0992, 1.6574
77.1192, 0.0000
77.1392, 1.3779
77.1592, 1.4761
77.1792, 0.9752
77.1992, 2.1739
77.2192, 1.9499
77.2392, 0.0000
77.2592, 2.2244
77.2792, 1.0675
77.2992, 2.4977
77.3192, 0.7100
77.3392, 2.0368
77.3592, 1.7201
77.3793, 2.3130
77.3993, 2.1326
77.4193, 1.7484
77.4393, 0.4527
77.4593, 0.5124
77.4793, 1.4159
77.4993, 1.9981
77.5193, 1.3913
77.5393, 2.6388
77.5593, 1.7240
77.5793, 1.0304
77.5993, 1.7252
77.6193, 2.2349
77.6393, 2.3350
77.6593, 3.9063
77.6793, 1.3299
77.6993, 1.9321
77.7193, 2.4374
77.7394, 1.9828
77.7594, 1.5001
77.7794, 0.4395
77.7994, 1.4898
77.8194, 0.9205
77.8394, 0.2601
77.8594, 1.2017
77.8794, 0.9474
77.8994, 2.5969
77.9194, 2.6144
77.9394, 1.0923
77.9594, 1.7433
77.9794, 0.1270
77.9994, 1.5065
78.0194, 2.4100
78.0394, 2.8408
78.0594, 1.2853
78.0795, 3.0703
78.0995, 0.4735
78.1195, 0.7446
78.1395, 2.7242
78.1595, 3.6966
78.1795, 2.5055
78.1995, 1.9656
78.2195, 0.0000
78.2395, 0.0000
78.2595, 2.1373
78.2795, 1.6443
78.2995, 0.8880
78.3195, 2.0727
78.3395, 2.1229
78.3595, 2.9616
78.3795, 2.1446
78.3995, 3.2489
78.4195, 2.0145
78.4396, 1.8898
78.4596, 3.0829
78.4796, 1.0168
78.4996, 4.8530
78.5196, 2.3860
78.5396, 2.3916
78.5596, 2.5375
78.5796, 3.9050
78.5996, 2.8080
78.6196, 0.3831
78.6396, 3.4259
78.6596, 1.6617
78.6796, 2.1148
78.6996, 0.7126
78.7196, 2.5387
78.7396, 1.3476
78.7596, 2.1078
78.7797, 1.7191
78.7997, 3.9534
78.8197, 4.0113
78.8397, 2.0535
78.8597, 2.0712
78.8797, 1.6287
78.8997, 3.1251
78.9197, 1.6738
78.9397, 1.5803
78.9597, 2.9962
78.9797, 1.4620
78.9997, 1.9683
79.0197, 0.4071
79.0397, 2.7187
79.0597, 3.9695
79.0797, 2.7359
79.0997, 3.4849
79.1197, 1.1507
79.1398, 2.2455
79.1598, 1.0525
79.1798, 1.7761
79.1998, 2.7875
79.2198, 2.1094
79.2398, 0.5777
79.2598, 0.6764
79.2798, 0.6095
79.2998, 2.5035
79.3198, 4.0939
79.3398, 3.3844
79.3598, 0.0888
79.3798, 3.4437
79.3998, 2.9535
79.4198, 0.4435
79.4398, 1.6998
79.4598, 3.1145
79.4799, 2.5632
79.4999, 0.6824
79.5199, 2.6242
79.5399, 0.0000
79.5599, 1.7811
79.5799, 3.1574
79.5999, 2.0251
79.6199, 1.5018
79.6399, 2.9059
79.6599, 2.9923
79.6799, 3.3314
79.6999, 2.8908
79.7199, 3.1002
79.7399, 2.7477
79.7599, 2.2750
79.7799, 2.0970
79.7999, 1.7665
79.8199, 0.7803
79.8400, 1.0402
79.8600, 1.7212
79.8800, 2.2507
79.9000, 3.4637
79.9200, 1.9642
79.9400, 3.0214
79.9600, 3.0981
79.9800, 1.7724
80.0000, 2.6079
